3.769599999999449780e-02
4.311999999999464178e-02
2.389199999999461199e-02
4.463199999999460654e-02
4.314399999999469354e-02
4.263999999999454338e-02
3.281599999999462725e-02
3.514799999999482227e-02
2.825199999999478129e-02
2.340399999999450559e-02
1.633199999999467023e-02
1.489199999999456236e-02
1.490799999999486286e-02
2.100399999999452705e-02
1.037599999999497952e-02
4.575999999994861955e-03
1.388799999999486973e-02
1.495599999999489005e-02
1.716799999999499282e-02
1.500399999999469519e-02
7.199999999994807776e-03
9.403999999994742953e-03
2.431999999994632899e-03
1.522399999999479031e-02
1.760799999999496102e-02
4.587999999994825384e-03
1.098399999999485899e-02
6.115999999994861658e-03
1.291599999999502868e-02
7.887999999994614597e-03
5.915999999994772662e-03
1.368399999999455469e-02
4.471999999994938357e-03
5.955999999994861238e-03
5.235999999994786491e-03
1.004799999999493598e-02
4.315999999994893366e-03
5.575999999994911416e-03
8.519999999948013603e-04
9.011999999994885213e-03
3.795999999994706386e-03
7.691999999994765524e-03
2.139999999994840474e-03
1.303599999999505155e-02
8.507999999994839135e-03
2.127999999994793778e-03
6.403999999994865189e-03
5.711999999994880894e-03
8.563999999994825751e-03
6.831999999994800565e-03
