1.276067999999998648e+00
1.300775999999998600e+00
1.278675999999998814e+00
1.276115999999998696e+00
1.272567999999998811e+00
1.266227999999998355e+00
1.270531999999998440e+00
1.284859999999998559e+00
1.254651999999998546e+00
1.269567999999998476e+00
1.265279999999998628e+00
1.283979999999998789e+00
1.282995999999998915e+00
1.290999999999998593e+00
1.286643999999998567e+00
1.290227999999998820e+00
1.266559999999998798e+00
1.278699999999998838e+00
1.280271999999998744e+00
1.268195999999998547e+00
1.271875999999998452e+00
1.276007999999998921e+00
1.289351999999998721e+00
1.286883999999998807e+00
1.302275999999998657e+00
1.308651999999998594e+00
1.305279999999998664e+00
1.291763999999998802e+00
1.284023999999998500e+00
1.274643999999998778e+00
1.278327999999998354e+00
1.271959999999998647e+00
1.282707999999998627e+00
1.286511999999998546e+00
1.293099999999998584e+00
1.320559999999998846e+00
1.321839999999998572e+00
1.321795999999998861e+00
1.302467999999998627e+00
1.305407999999998792e+00
1.319283999999998569e+00
1.306683999999998624e+00
1.319511999999998686e+00
1.316495999999998778e+00
1.315395999999998455e+00
1.310499999999998888e+00
1.307875999999998484e+00
1.300559999999998606e+00
1.305835999999998664e+00
1.313067999999998570e+00
