3.022559999999956393e-01
2.767399999999955451e-01
2.815479999999952465e-01
3.087619999999952070e-01
2.687719999999956810e-01
2.878599999999952308e-01
2.883319999999959249e-01
2.713859999999952421e-01
2.918939999999953239e-01
2.801659999999958073e-01
2.608979999999951893e-01
2.787219999999949183e-01
2.923959999999956594e-01
2.617299999999952442e-01
2.743439999999955914e-01
2.620319999999953797e-01
2.740679999999950933e-01
2.656379999999954888e-01
2.668519999999952041e-01
2.529879999999952167e-01
2.530599999999953997e-01
2.682819999999954685e-01
2.732619999999951199e-01
2.864419999999956445e-01
2.634199999999958797e-01
2.582599999999951601e-01
2.565479999999953353e-01
2.661619999999952357e-01
2.643479999999951424e-01
2.511899999999952504e-01
2.517299999999950133e-01
2.662479999999951552e-01
2.566059999999955599e-01
2.571959999999955393e-01
2.631679999999950725e-01
2.672359999999955882e-01
2.664839999999958353e-01
2.616399999999949877e-01
2.665299999999957148e-01
2.579319999999956092e-01
2.822779999999956990e-01
2.623139999999950511e-01
2.622079999999956668e-01
2.564699999999953128e-01
2.622599999999954967e-01
2.631319999999948145e-01
2.602959999999955309e-01
2.397439999999957383e-01
2.664899999999954527e-01
2.570439999999951652e-01
