2.470959999999950973e-01
2.693239999999951229e-01
2.389659999999952378e-01
2.458759999999952095e-01
2.545819999999949790e-01
2.639999999999951275e-01
2.525419999999951592e-01
2.390319999999950262e-01
2.572079999999952182e-01
2.509059999999949664e-01
2.519239999999950408e-01
2.428799999999953219e-01
2.253459999999950503e-01
2.445459999999950451e-01
2.281159999999951005e-01
2.429459999999949993e-01
2.544919999999950555e-01
2.428059999999949703e-01
2.617659999999951692e-01
2.438699999999951462e-01
2.619739999999951552e-01
2.562099999999950528e-01
2.476739999999950648e-01
2.688539999999951524e-01
2.542079999999949935e-01
2.342699999999950933e-01
2.389739999999952458e-01
2.471119999999951133e-01
2.382919999999950633e-01
2.487099999999951017e-01
2.466279999999951844e-01
2.318459999999951116e-01
2.518799999999951078e-01
2.553359999999950114e-01
2.461599999999950494e-01
2.597159999999951729e-01
2.334299999999950304e-01
2.582919999999950811e-01
2.562159999999951143e-01
2.300779999999951198e-01
2.732599999999949514e-01
2.646699999999950759e-01
2.565339999999950438e-01
2.688419999999951404e-01
2.544079999999949715e-01
2.403439999999952281e-01
2.509959999999952229e-01
2.476759999999952333e-01
2.582739999999950076e-01
2.441059999999951602e-01
