2.746219999999950367e-01
2.858599999999951180e-01
2.677779999999950755e-01
2.840559999999952012e-01
2.872659999999955804e-01
2.853159999999953511e-01
2.799179999999951152e-01
2.776399999999953350e-01
2.702539999999952203e-01
2.639199999999954915e-01
2.613939999999954633e-01
2.663779999999953407e-01
2.646539999999953929e-01
2.627899999999954161e-01
2.539599999999958557e-01
2.601279999999952519e-01
2.428539999999957955e-01
2.451099999999957202e-01
2.378699999999956960e-01
2.531959999999957578e-01
2.394859999999954248e-01
2.610199999999952558e-01
2.522139999999954973e-01
2.484879999999954903e-01
2.463939999999957831e-01
2.513659999999956485e-01
2.499179999999951995e-01
2.475939999999950958e-01
2.574879999999954983e-01
2.485179999999953537e-01
2.530619999999956793e-01
2.617239999999950717e-01
2.610139999999957494e-01
2.541719999999955126e-01
2.527659999999954943e-01
2.495859999999956447e-01
2.515659999999961816e-01
2.526419999999953703e-01
2.506519999999958781e-01
2.545559999999958967e-01
2.400859999999956917e-01
2.543759999999954946e-01
2.478299999999957759e-01
2.517679999999957730e-01
2.467059999999955400e-01
2.401459999999956407e-01
2.455379999999954821e-01
2.552059999999956030e-01
2.511799999999952959e-01
2.511979999999953694e-01
