1.033749999999999503e+00
3.537499999999994538e-01
3.849999999999994538e-01
6.499999999999944711e-02
-4.625000000000011741e-02
-4.625000000000011741e-02
-4.625000000000011741e-02
-4.625000000000011741e-02
-4.625000000000011741e-02
-4.625000000000011741e-02
-4.625000000000011741e-02
-4.375000000000017070e-02
-1.499999999999995608e-02
-4.375000000000017070e-02
-1.499999999999995608e-02
-4.375000000000017070e-02
-1.499999999999995608e-02
-4.375000000000017070e-02
-1.499999999999995608e-02
-4.375000000000017070e-02
-1.499999999999995608e-02
-4.375000000000017070e-02
-1.499999999999995608e-02
-4.375000000000017070e-02
-1.499999999999995608e-02
-4.375000000000017070e-02
-4.625000000000011741e-02
-4.625000000000011741e-02
-4.625000000000011741e-02
-4.625000000000011741e-02
-4.625000000000011741e-02
-4.625000000000011741e-02
-4.625000000000011741e-02
-4.375000000000017070e-02
-1.499999999999995608e-02
-4.375000000000017070e-02
-1.499999999999995608e-02
-4.375000000000017070e-02
-1.499999999999995608e-02
-4.375000000000017070e-02
-1.499999999999995608e-02
-4.375000000000017070e-02
-1.499999999999995608e-02
-4.375000000000017070e-02
-1.499999999999995608e-02
-4.375000000000017070e-02
-1.499999999999995608e-02
-4.375000000000017070e-02
