8.336539999999976747e-01
9.020819999999978300e-01
9.033699999999976749e-01
9.677799999999977532e-01
9.021999999999977815e-01
9.864839999999978071e-01
9.407039999999978752e-01
9.751399999999978974e-01
9.538779999999978942e-01
9.696099999999979735e-01
9.560399999999980025e-01
1.010485999999997997e+00
9.533579999999973742e-01
1.057207999999997927e+00
9.754639999999977773e-01
1.004861999999997701e+00
9.695739999999978265e-01
9.007759999999978007e-01
9.073399999999971488e-01
1.047055999999997766e+00
9.338939999999975594e-01
8.685979999999975387e-01
9.328759999999974850e-01
8.982279999999976949e-01
9.106799999999979356e-01
9.215859999999977958e-01
9.586799999999979782e-01
9.666839999999979893e-01
1.008079999999997867e+00
9.583839999999979042e-01
9.394339999999978819e-01
9.507159999999976741e-01
9.422399999999976350e-01
1.014453999999997746e+00
1.018131999999997594e+00
1.000749999999997808e+00
8.594319999999974202e-01
8.334679999999974331e-01
9.703119999999980649e-01
9.618339999999978573e-01
9.211339999999977879e-01
8.846339999999979220e-01
8.140299999999979219e-01
8.864859999999977758e-01
9.516479999999973849e-01
1.007613999999997567e+00
9.949239999999975881e-01
1.005205999999997601e+00
9.499379999999975066e-01
8.691579999999975437e-01
1.018323999999997787e+00
1.003751999999997535e+00
1.054369999999997809e+00
1.011647999999997882e+00
9.284039999999977866e-01
1.048565999999997889e+00
1.024373999999997675e+00
1.015739999999997645e+00
9.209339999999975879e-01
1.005879999999997887e+00
9.253039999999975729e-01
9.356259999999977373e-01
9.303119999999976963e-01
9.337439999999979090e-01
9.451259999999979122e-01
9.430779999999976404e-01
9.636759999999979787e-01
9.507239999999979041e-01
9.856699999999982698e-01
1.002377999999997771e+00
9.982159999999975497e-01
9.223739999999978068e-01
8.888699999999973844e-01
9.144559999999976041e-01
8.864739999999975417e-01
9.965779999999975214e-01
9.445119999999977978e-01
9.624279999999976187e-01
9.867399999999977300e-01
8.763139999999975949e-01
8.920799999999976526e-01
9.125639999999977103e-01
9.041459999999977848e-01
1.027797999999997769e+00
1.083131999999997763e+00
1.089489999999997849e+00
1.069249999999998035e+00
1.016361999999997767e+00
1.068891999999997733e+00
1.083687999999997764e+00
1.029567999999997596e+00
1.007311999999997543e+00
9.303159999999978114e-01
9.961299999999977395e-01
1.029827999999998411e+00
9.968539999999979084e-01
1.000387999999997835e+00
9.270839999999975767e-01
9.942979999999979057e-01
9.811119999999978747e-01
