5.500799999999465839e-02
6.346399999999452479e-02
3.952799999999466463e-02
6.107999999999466634e-02
6.445199999999461082e-02
6.160799999999459070e-02
5.432799999999507468e-02
6.155199999999474980e-02
5.997999999999471116e-02
6.062799999999474859e-02
5.818799999999457045e-02
5.632399999999469775e-02
5.565199999999478203e-02
5.651999999999450519e-02
5.256799999999474393e-02
5.468799999999465061e-02
5.205999999999472161e-02
5.203999999999443793e-02
4.897599999999489168e-02
4.895999999999470914e-02
4.319999999999477036e-02
4.732399999999488405e-02
4.929999999999460508e-02
4.507599999999468976e-02
3.849599999999498562e-02
2.798399999999493654e-02
3.619199999999482553e-02
3.835999999999487042e-02
4.093599999999455313e-02
4.001199999999471846e-02
3.693999999999476869e-02
2.771999999999482517e-02
2.642399999999497928e-02
3.083999999999498254e-02
2.809599999999479181e-02
2.358799999999475899e-02
1.945199999999486229e-02
3.187199999999482114e-02
2.398799999999480514e-02
1.527999999999479774e-02
2.501599999999493118e-02
2.209599999999486974e-02
2.209599999999509179e-02
1.791599999999494985e-02
1.891199999999507164e-02
2.515599999999511283e-02
2.528799999999520320e-02
2.445199999999503326e-02
2.538399999999491063e-02
1.637999999999500966e-02
1.629999999999465210e-02
2.089599999999509905e-02
2.600399999999496170e-02
9.055999999994845950e-03
1.526799999999499391e-02
1.643199999999497840e-02
1.633999999999512232e-02
2.150799999999500334e-02
2.029999999999504423e-02
2.164399999999502833e-02
1.907199999999492634e-02
2.089599999999480762e-02
1.989599999999508428e-02
2.072399999999477438e-02
2.384399999999514685e-02
2.181599999999483952e-02
1.655599999999504690e-02
1.770399999999512641e-02
1.951999999999497193e-02
1.755199999999505767e-02
1.448799999999493548e-02
1.401599999999496304e-02
2.063199999999490442e-02
2.268399999999488881e-02
1.585599999999516563e-02
2.335599999999478371e-02
1.808799999999489982e-02
1.559999999999496512e-02
1.337999999999496537e-02
2.065999999999498793e-02
1.354799999999481419e-02
1.749999999999503342e-02
1.933999999999519437e-02
2.204399999999476223e-02
1.419999999999488338e-02
1.514399999999505031e-02
1.417999999999502991e-02
1.483999999999513486e-02
2.175199999999472000e-02
1.409199999999502517e-02
1.972399999999507880e-02
1.158399999999504271e-02
2.059999999999533038e-02
1.452399999999515190e-02
1.402799999999519709e-02
1.621599999999508157e-02
1.773599999999500576e-02
1.955599999999507732e-02
1.201599999999503066e-02
1.730799999999506344e-02
1.748799999999479937e-02
1.873199999999498877e-02
2.056799999999493755e-02
1.706799999999500383e-02
1.561999999999505451e-02
1.811999999999509836e-02
1.907999999999525353e-02
2.002399999999492086e-02
