1.570796326794896558e+00 1.570796326794896558e+00 1.570796326794896558e+00 1.570796326794896558e+00 1.570796326794896558e+00 1.570796326794896558e+00 1.570796326794896558e+00 1.570796326794896558e+00
1.570796326794896558e+00 1.570796326794896558e+00 1.570796326794896558e+00 1.570796326794896558e+00 1.570796326794896558e+00 1.570796326794896558e+00 1.570796326794896558e+00 1.570796326794896558e+00
2.570796326794896558e+00 1.570796326794896558e+00 1.570796326794896558e+00 1.570796326794896558e+00 1.570796326794896558e+00 1.570796326794896558e+00 1.570796326794896558e+00 1.570796326794896558e+00
4.188830326794896308e+00 1.570796326794896558e+00 1.570796326794896558e+00 1.570796326794896558e+00 1.570796326794896558e+00 1.570796326794896558e+00 1.570796326794896558e+00 1.570796326794896558e+00
6.806864351950896008e+00 1.570796326794896558e+00 1.570796326794896558e+00 1.570796326794896558e+00 1.570796326794896558e+00 1.570796326794896558e+00 1.570796326794896558e+00 1.570796326794896558e+00
4.188830326794896308e+00 1.570796326794896558e+00 1.570796326794896558e+00 1.570796326794896558e+00 1.570796326794896558e+00 1.570796326794896558e+00 1.570796326794896558e+00 1.570796326794896558e+00
5.188830311247633276e+00 1.570796326794896558e+00 1.570796326794896558e+00 1.570796326794896558e+00 1.570796326794896558e+00 1.570796326794896558e+00 1.570796326794896558e+00 1.570796326794896558e+00
5.806864301638895220e+00 1.570796326794896558e+00 1.570796326794896558e+00 1.570796326794896558e+00 1.570796326794896558e+00 1.570796326794896558e+00 1.570796326794896558e+00 1.570796326794896558e+00
4.703305823469221991e+00 1.570796326794896558e+00 1.570796326794896558e+00 1.570796326794896558e+00 1.570796326794896558e+00 1.570796326794896558e+00 1.570796326794896558e+00 1.570796326794896558e+00
4.671980728492478363e+00 1.570796326794896558e+00 1.570796326794896558e+00 1.570796326794896558e+00 1.570796326794896558e+00 1.570796326794896558e+00 1.570796326794896558e+00 1.570796326794896558e+00
4.734630918445964731e+00 1.570796326794896558e+00 1.570796326794896558e+00 1.570796326794896558e+00 1.570796326794896558e+00 1.570796326794896558e+00 1.570796326794896558e+00 1.570796326794896558e+00
4.703305823469221991e+00 1.570796326794896558e+00 1.570796326794896558e+00 1.570796326794896558e+00 1.570796326794896558e+00 1.570796326794896558e+00 1.570796326794896558e+00 1.570796326794896558e+00
4.703305823469221991e+00 2.570796326794896558e+00 1.570796326794896558e+00 1.570796326794896558e+00 1.570796326794896558e+00 1.570796326794896558e+00 1.570796326794896558e+00 1.570796326794896558e+00
4.703305823469221991e+00 4.188830326794896308e+00 1.570796326794896558e+00 1.570796326794896558e+00 1.570796326794896558e+00 1.570796326794896558e+00 1.570796326794896558e+00 1.570796326794896558e+00
4.703305823469221991e+00 6.806864351950896008e+00 1.570796326794896558e+00 1.570796326794896558e+00 1.570796326794896558e+00 1.570796326794896558e+00 1.570796326794896558e+00 1.570796326794896558e+00
4.703305823469221991e+00 4.188830326794896308e+00 1.570796326794896558e+00 1.570796326794896558e+00 1.570796326794896558e+00 1.570796326794896558e+00 1.570796326794896558e+00 1.570796326794896558e+00
4.703305823469221991e+00 5.188830311247633276e+00 1.570796326794896558e+00 1.570796326794896558e+00 1.570796326794896558e+00 1.570796326794896558e+00 1.570796326794896558e+00 1.570796326794896558e+00
4.703305823469221991e+00 5.806864301638895220e+00 1.570796326794896558e+00 1.570796326794896558e+00 1.570796326794896558e+00 1.570796326794896558e+00 1.570796326794896558e+00 1.570796326794896558e+00
4.703305823469221991e+00 4.706095429532678232e+00 1.570796326794896558e+00 1.570796326794896558e+00 1.570796326794896558e+00 1.570796326794896558e+00 1.570796326794896558e+00 1.570796326794896558e+00
4.703305823469221991e+00 4.674742438495300689e+00 1.570796326794896558e+00 1.570796326794896558e+00 1.570796326794896558e+00 1.570796326794896558e+00 1.570796326794896558e+00 1.570796326794896558e+00
4.703305823469221991e+00 4.737448420570055774e+00 1.570796326794896558e+00 1.570796326794896558e+00 1.570796326794896558e+00 1.570796326794896558e+00 1.570796326794896558e+00 1.570796326794896558e+00
4.703305823469221991e+00 4.706095429532678232e+00 1.570796326794896558e+00 1.570796326794896558e+00 1.570796326794896558e+00 1.570796326794896558e+00 1.570796326794896558e+00 1.570796326794896558e+00
4.703305823469221991e+00 4.706095429532678232e+00 2.570796326794896558e+00 1.570796326794896558e+00 1.570796326794896558e+00 1.570796326794896558e+00 1.570796326794896558e+00 1.570796326794896558e+00
4.703305823469221991e+00 4.706095429532678232e+00 4.188830326794896308e+00 1.570796326794896558e+00 1.570796326794896558e+00 1.570796326794896558e+00 1.570796326794896558e+00 1.570796326794896558e+00
4.703305823469221991e+00 4.706095429532678232e+00 6.806864351950896008e+00 1.570796326794896558e+00 1.570796326794896558e+00 1.570796326794896558e+00 1.570796326794896558e+00 1.570796326794896558e+00
4.703305823469221991e+00 4.706095429532678232e+00 4.188830326794896308e+00 1.570796326794896558e+00 1.570796326794896558e+00 1.570796326794896558e+00 1.570796326794896558e+00 1.570796326794896558e+00
4.703305823469221991e+00 4.706095429532678232e+00 5.188830311247633276e+00 1.570796326794896558e+00 1.570796326794896558e+00 1.570796326794896558e+00 1.570796326794896558e+00 1.570796326794896558e+00
4.703305823469221991e+00 4.706095429532678232e+00 5.806864301638895220e+00 1.570796326794896558e+00 1.570796326794896558e+00 1.570796326794896558e+00 1.570796326794896558e+00 1.570796326794896558e+00
4.703305823469221991e+00 4.706095429532678232e+00 4.710965933161227248e+00 1.570796326794896558e+00 1.570796326794896558e+00 1.570796326794896558e+00 1.570796326794896558e+00 1.570796326794896558e+00
4.703305823469221991e+00 4.706095429532678232e+00 4.679564237087563860e+00 1.570796326794896558e+00 1.570796326794896558e+00 1.570796326794896558e+00 1.570796326794896558e+00 1.570796326794896558e+00
4.703305823469221991e+00 4.706095429532678232e+00 4.742367629234890636e+00 1.570796326794896558e+00 1.570796326794896558e+00 1.570796326794896558e+00 1.570796326794896558e+00 1.570796326794896558e+00
4.703305823469221991e+00 4.706095429532678232e+00 4.710965933161227248e+00 1.570796326794896558e+00 1.570796326794896558e+00 1.570796326794896558e+00 1.570796326794896558e+00 1.570796326794896558e+00
4.703305823469221991e+00 4.706095429532678232e+00 4.710965933161227248e+00 2.570796326794896558e+00 1.570796326794896558e+00 1.570796326794896558e+00 1.570796326794896558e+00 1.570796326794896558e+00
4.703305823469221991e+00 4.706095429532678232e+00 4.710965933161227248e+00 4.188830326794896308e+00 1.570796326794896558e+00 1.570796326794896558e+00 1.570796326794896558e+00 1.570796326794896558e+00
4.703305823469221991e+00 4.706095429532678232e+00 4.710965933161227248e+00 6.806864351950896008e+00 1.570796326794896558e+00 1.570796326794896558e+00 1.570796326794896558e+00 1.570796326794896558e+00
4.703305823469221991e+00 4.706095429532678232e+00 4.710965933161227248e+00 4.188830326794896308e+00 1.570796326794896558e+00 1.570796326794896558e+00 1.570796326794896558e+00 1.570796326794896558e+00
4.703305823469221991e+00 4.706095429532678232e+00 4.710965933161227248e+00 5.188830311247633276e+00 1.570796326794896558e+00 1.570796326794896558e+00 1.570796326794896558e+00 1.570796326794896558e+00
4.703305823469221991e+00 4.706095429532678232e+00 4.710965933161227248e+00 5.806864301638895220e+00 1.570796326794896558e+00 1.570796326794896558e+00 1.570796326794896558e+00 1.570796326794896558e+00
4.703305823469221991e+00 4.706095429532678232e+00 4.710965933161227248e+00 4.704967559989086112e+00 1.570796326794896558e+00 1.570796326794896558e+00 1.570796326794896558e+00 1.570796326794896558e+00
4.703305823469221991e+00 4.706095429532678232e+00 4.710965933161227248e+00 4.673625847647144838e+00 1.570796326794896558e+00 1.570796326794896558e+00 1.570796326794896558e+00 1.570796326794896558e+00
4.703305823469221991e+00 4.706095429532678232e+00 4.710965933161227248e+00 4.736309272331028275e+00 1.570796326794896558e+00 1.570796326794896558e+00 1.570796326794896558e+00 1.570796326794896558e+00
4.703305823469221991e+00 4.706095429532678232e+00 4.710965933161227248e+00 4.704967559989086112e+00 1.570796326794896558e+00 1.570796326794896558e+00 1.570796326794896558e+00 1.570796326794896558e+00
4.703305823469221991e+00 4.706095429532678232e+00 4.710965933161227248e+00 4.704967559989086112e+00 2.570796326794896558e+00 1.570796326794896558e+00 1.570796326794896558e+00 1.570796326794896558e+00
4.703305823469221991e+00 4.706095429532678232e+00 4.710965933161227248e+00 4.704967559989086112e+00 4.188830326794896308e+00 1.570796326794896558e+00 1.570796326794896558e+00 1.570796326794896558e+00
4.703305823469221991e+00 4.706095429532678232e+00 4.710965933161227248e+00 4.704967559989086112e+00 2.570796326794896558e+00 1.570796326794896558e+00 1.570796326794896558e+00 1.570796326794896558e+00
4.703305823469221991e+00 4.706095429532678232e+00 4.710965933161227248e+00 4.704967559989086112e+00 3.188830301638896358e+00 1.570796326794896558e+00 1.570796326794896558e+00 1.570796326794896558e+00
4.703305823469221991e+00 4.706095429532678232e+00 4.710965933161227248e+00 4.704967559989086112e+00 2.188830326794896308e+00 1.570796326794896558e+00 1.570796326794896558e+00 1.570796326794896558e+00
4.703305823469221991e+00 4.706095429532678232e+00 4.710965933161227248e+00 4.704967559989086112e+00 2.879813314216282283e+00 1.570796326794896558e+00 1.570796326794896558e+00 1.570796326794896558e+00
4.703305823469221991e+00 4.706095429532678232e+00 4.710965933161227248e+00 4.704967559989086112e+00 2.424898301638896747e+00 1.570796326794896558e+00 1.570796326794896558e+00 1.570796326794896558e+00
4.703305823469221991e+00 4.706095429532678232e+00 4.710965933161227248e+00 4.704967559989086112e+00 2.665823961562004740e+00 1.570796326794896558e+00 1.570796326794896558e+00 1.570796326794896558e+00
4.703305823469221991e+00 4.706095429532678232e+00 4.710965933161227248e+00 4.704967559989086112e+00 2.654873685204333977e+00 1.570796326794896558e+00 1.570796326794896558e+00 1.570796326794896558e+00
4.703305823469221991e+00 4.706095429532678232e+00 4.710965933161227248e+00 4.704967559989086112e+00 2.676774237919675947e+00 1.570796326794896558e+00 1.570796326794896558e+00 1.570796326794896558e+00
4.703305823469221991e+00 4.706095429532678232e+00 4.710965933161227248e+00 4.704967559989086112e+00 2.665823961562004740e+00 1.570796326794896558e+00 1.570796326794896558e+00 1.570796326794896558e+00
4.703305823469221991e+00 4.706095429532678232e+00 4.710965933161227248e+00 4.704967559989086112e+00 2.665823961562004740e+00 2.570796326794896558e+00 1.570796326794896558e+00 1.570796326794896558e+00
4.703305823469221991e+00 4.706095429532678232e+00 4.710965933161227248e+00 4.704967559989086112e+00 2.665823961562004740e+00 -4.723767320510341428e-02 1.570796326794896558e+00 1.570796326794896558e+00
4.703305823469221991e+00 4.706095429532678232e+00 4.710965933161227248e+00 4.704967559989086112e+00 2.665823961562004740e+00 1.570796326794896558e+00 1.570796326794896558e+00 1.570796326794896558e+00
4.703305823469221991e+00 4.706095429532678232e+00 4.710965933161227248e+00 4.704967559989086112e+00 2.665823961562004740e+00 9.527623519508965355e-01 1.570796326794896558e+00 1.570796326794896558e+00
4.703305823469221991e+00 4.706095429532678232e+00 4.710965933161227248e+00 4.704967559989086112e+00 2.665823961562004740e+00 1.952762326794896586e+00 1.570796326794896558e+00 1.570796326794896558e+00
4.703305823469221991e+00 4.706095429532678232e+00 4.710965933161227248e+00 4.704967559989086112e+00 2.665823961562004740e+00 1.570819888713825829e+00 1.570796326794896558e+00 1.570796326794896558e+00
4.703305823469221991e+00 4.706095429532678232e+00 4.710965933161227248e+00 4.704967559989086112e+00 2.665823961562004740e+00 1.334728361559633258e+00 1.570796326794896558e+00 1.570796326794896558e+00
4.703305823469221991e+00 4.706095429532678232e+00 4.710965933161227248e+00 4.704967559989086112e+00 2.665823961562004740e+00 1.453149878211720480e+00 1.570796326794896558e+00 1.570796326794896558e+00
4.703305823469221991e+00 4.706095429532678232e+00 4.710965933161227248e+00 4.704967559989086112e+00 2.665823961562004740e+00 1.512078961563077417e+00 1.570796326794896558e+00 1.570796326794896558e+00
4.703305823469221991e+00 4.706095429532678232e+00 4.710965933161227248e+00 4.704967559989086112e+00 2.665823961562004740e+00 1.541461196650645959e+00 1.570796326794896558e+00 1.570796326794896558e+00
4.703305823469221991e+00 4.706095429532678232e+00 4.710965933161227248e+00 4.704967559989086112e+00 2.665823961562004740e+00 1.556140542682235894e+00 1.570796326794896558e+00 1.570796326794896558e+00
4.703305823469221991e+00 4.706095429532678232e+00 4.710965933161227248e+00 4.704967559989086112e+00 2.665823961562004740e+00 1.563468434738566337e+00 1.570796326794896558e+00 1.570796326794896558e+00
4.703305823469221991e+00 4.706095429532678232e+00 4.710965933161227248e+00 4.704967559989086112e+00 2.665823961562004740e+00 1.563395155808003034e+00 1.570796326794896558e+00 1.570796326794896558e+00
4.703305823469221991e+00 4.706095429532678232e+00 4.710965933161227248e+00 4.704967559989086112e+00 2.665823961562004740e+00 1.563321144088134051e+00 1.570796326794896558e+00 1.570796326794896558e+00
4.703305823469221991e+00 4.706095429532678232e+00 4.710965933161227248e+00 4.704967559989086112e+00 2.665823961562004740e+00 1.560578398491528684e+00 1.570796326794896558e+00 1.570796326794896558e+00
4.703305823469221991e+00 4.706095429532678232e+00 4.710965933161227248e+00 4.704967559989086112e+00 2.665823961562004740e+00 1.563215149316580899e+00 1.570796326794896558e+00 1.570796326794896558e+00
4.703305823469221991e+00 4.706095429532678232e+00 4.710965933161227248e+00 4.704967559989086112e+00 2.665823961562004740e+00 1.563321144088134051e+00 1.570796326794896558e+00 1.570796326794896558e+00
4.703305823469221991e+00 4.706095429532678232e+00 4.710965933161227248e+00 4.704967559989086112e+00 2.665823961562004740e+00 1.563321144088134051e+00 2.570796326794896558e+00 1.570796326794896558e+00
4.703305823469221991e+00 4.706095429532678232e+00 4.710965933161227248e+00 4.704967559989086112e+00 2.665823961562004740e+00 1.563321144088134051e+00 -4.723767320510341428e-02 1.570796326794896558e+00
4.703305823469221991e+00 4.706095429532678232e+00 4.710965933161227248e+00 4.704967559989086112e+00 2.665823961562004740e+00 1.563321144088134051e+00 1.570796326794896558e+00 1.570796326794896558e+00
4.703305823469221991e+00 4.706095429532678232e+00 4.710965933161227248e+00 4.704967559989086112e+00 2.665823961562004740e+00 1.563321144088134051e+00 9.527623519508965355e-01 1.570796326794896558e+00
4.703305823469221991e+00 4.706095429532678232e+00 4.710965933161227248e+00 4.704967559989086112e+00 2.665823961562004740e+00 1.563321144088134051e+00 1.952762326794896586e+00 1.570796326794896558e+00
4.703305823469221991e+00 4.706095429532678232e+00 4.710965933161227248e+00 4.704967559989086112e+00 2.665823961562004740e+00 1.563321144088134051e+00 1.573395087582613927e+00 1.570796326794896558e+00
4.703305823469221991e+00 4.706095429532678232e+00 4.710965933161227248e+00 4.704967559989086112e+00 2.665823961562004740e+00 1.563321144088134051e+00 1.572095707189249181e+00 1.570796326794896558e+00
4.703305823469221991e+00 4.706095429532678232e+00 4.710965933161227248e+00 4.704967559989086112e+00 2.665823961562004740e+00 1.563321144088134051e+00 1.718300474475572770e+00 1.570796326794896558e+00
4.703305823469221991e+00 4.706095429532678232e+00 4.710965933161227248e+00 4.704967559989086112e+00 2.665823961562004740e+00 1.563321144088134051e+00 1.628744018592569898e+00 1.570796326794896558e+00
4.703305823469221991e+00 4.706095429532678232e+00 4.710965933161227248e+00 4.704967559989086112e+00 2.665823961562004740e+00 1.563321144088134051e+00 1.594536497364762662e+00 1.570796326794896558e+00
4.703305823469221991e+00 4.706095429532678232e+00 4.710965933161227248e+00 4.704967559989086112e+00 2.665823961562004740e+00 1.563321144088134051e+00 1.583316102277005921e+00 1.570796326794896558e+00
4.703305823469221991e+00 4.706095429532678232e+00 4.710965933161227248e+00 4.704967559989086112e+00 2.665823961562004740e+00 1.563321144088134051e+00 1.580032109150423913e+00 1.570796326794896558e+00
4.703305823469221991e+00 4.706095429532678232e+00 4.710965933161227248e+00 4.704967559989086112e+00 2.665823961562004740e+00 1.563321144088134051e+00 1.579180885361484155e+00 1.570796326794896558e+00
4.703305823469221991e+00 4.706095429532678232e+00 4.710965933161227248e+00 4.704967559989086112e+00 2.665823961562004740e+00 1.563321144088134051e+00 1.581436884028997625e+00 1.570796326794896558e+00
4.703305823469221991e+00 4.706095429532678232e+00 4.710965933161227248e+00 4.704967559989086112e+00 2.665823961562004740e+00 1.563321144088134051e+00 1.580568685391693151e+00 1.570796326794896558e+00
4.703305823469221991e+00 4.706095429532678232e+00 4.710965933161227248e+00 4.704967559989086112e+00 2.665823961562004740e+00 1.563321144088134051e+00 1.579706970604657590e+00 1.570796326794896558e+00
4.703305823469221991e+00 4.706095429532678232e+00 4.710965933161227248e+00 4.704967559989086112e+00 2.665823961562004740e+00 1.563321144088134051e+00 1.580237063030996536e+00 1.570796326794896558e+00
4.703305823469221991e+00 4.706095429532678232e+00 4.710965933161227248e+00 4.704967559989086112e+00 2.665823961562004740e+00 1.563321144088134051e+00 1.579907917280651608e+00 1.570796326794896558e+00
4.703305823469221991e+00 4.706095429532678232e+00 4.710965933161227248e+00 4.704967559989086112e+00 2.665823961562004740e+00 1.563321144088134051e+00 1.580124466983979126e+00 1.570796326794896558e+00
4.703305823469221991e+00 4.706095429532678232e+00 4.710965933161227248e+00 4.704967559989086112e+00 2.665823961562004740e+00 1.563321144088134051e+00 1.580032109150423913e+00 1.570796326794896558e+00
4.703305823469221991e+00 4.706095429532678232e+00 4.710965933161227248e+00 4.704967559989086112e+00 2.665823961562004740e+00 1.563321144088134051e+00 1.580032109150423913e+00 2.570796326794896558e+00
4.703305823469221991e+00 4.706095429532678232e+00 4.710965933161227248e+00 4.704967559989086112e+00 2.665823961562004740e+00 1.563321144088134051e+00 1.580032109150423913e+00 -4.723767320510341428e-02
4.703305823469221991e+00 4.706095429532678232e+00 4.710965933161227248e+00 4.704967559989086112e+00 2.665823961562004740e+00 1.563321144088134051e+00 1.580032109150423913e+00 1.570796326794896558e+00
4.703305823469221991e+00 4.706095429532678232e+00 4.710965933161227248e+00 4.704967559989086112e+00 2.665823961562004740e+00 1.563321144088134051e+00 1.580032109150423913e+00 9.527623519508965355e-01
4.703305823469221991e+00 4.706095429532678232e+00 4.710965933161227248e+00 4.704967559989086112e+00 2.665823961562004740e+00 1.563321144088134051e+00 1.580032109150423913e+00 1.952762326794896586e+00
4.703305823469221991e+00 4.706095429532678232e+00 4.710965933161227248e+00 4.704967559989086112e+00 2.665823961562004740e+00 1.563321144088134051e+00 1.580032109150423913e+00 1.571299025644866676e+00
4.703305823469221991e+00 4.706095429532678232e+00 4.710965933161227248e+00 4.704967559989086112e+00 2.665823961562004740e+00 1.563321144088134051e+00 1.580032109150423913e+00 1.571047676221647205e+00
4.703305823469221991e+00 4.706095429532678232e+00 4.710965933161227248e+00 4.704967559989086112e+00 2.665823961562004740e+00 1.563321144088134051e+00 1.580032109150423913e+00 1.717005036931938955e+00
4.703305823469221991e+00 4.706095429532678232e+00 4.710965933161227248e+00 4.704967559989086112e+00 2.665823961562004740e+00 1.563321144088134051e+00 1.580032109150423913e+00 1.626953767952144636e+00
4.703305823469221991e+00 4.706095429532678232e+00 4.710965933161227248e+00 4.704967559989086112e+00 2.665823961562004740e+00 1.563321144088134051e+00 1.580032109150423913e+00 1.592557244945008499e+00
4.703305823469221991e+00 4.706095429532678232e+00 4.710965933161227248e+00 4.704967559989086112e+00 2.665823961562004740e+00 1.563321144088134051e+00 1.580032109150423913e+00 1.579418942638064705e+00
4.703305823469221991e+00 4.706095429532678232e+00 4.710965933161227248e+00 4.704967559989086112e+00 2.665823961562004740e+00 1.563321144088134051e+00 1.580032109150423913e+00 1.574400557859090499e+00
4.703305823469221991e+00 4.706095429532678232e+00 4.710965933161227248e+00 4.704967559989086112e+00 2.665823961562004740e+00 1.563321144088134051e+00 1.580032109150423913e+00 1.572757419557607728e+00
4.703305823469221991e+00 4.706095429532678232e+00 4.710965933161227248e+00 4.704967559989086112e+00 2.665823961562004740e+00 1.563321144088134051e+00 1.580032109150423913e+00 1.572849791751978588e+00
4.703305823469221991e+00 4.706095429532678232e+00 4.710965933161227248e+00 4.704967559989086112e+00 2.665823961562004740e+00 1.563321144088134051e+00 1.580032109150423913e+00 1.572803605654804260e+00
4.703305823469221991e+00 4.706095429532678232e+00 4.710965933161227248e+00 4.704967559989086112e+00 2.665823961562004740e+00 1.563321144088134051e+00 1.580032109150423913e+00 1.573442131678847611e+00
4.703305823469221991e+00 4.706095429532678232e+00 4.710965933161227248e+00 4.704967559989086112e+00 2.665823961562004740e+00 1.563321144088134051e+00 1.580032109150423913e+00 1.573102891023247851e+00
4.703305823469221991e+00 4.706095429532678232e+00 4.710965933161227248e+00 4.704967559989086112e+00 2.665823961562004740e+00 1.563321144088134051e+00 1.580032109150423913e+00 1.573380784277122579e+00
4.703305823469221991e+00 4.706095429532678232e+00 4.710965933161227248e+00 4.704967559989086112e+00 2.665823961562004740e+00 1.563321144088134051e+00 1.580032109150423913e+00 1.573209036797857285e+00
4.703305823469221991e+00 4.706095429532678232e+00 4.710965933161227248e+00 4.704967559989086112e+00 2.665823961562004740e+00 1.563321144088134051e+00 1.580032109150423913e+00 1.573155963910552568e+00
4.703305823469221991e+00 4.706095429532678232e+00 4.710965933161227248e+00 4.704967559989086112e+00 2.665823961562004740e+00 1.563321144088134051e+00 1.580032109150423913e+00 1.573274638495522293e+00
4.703305823469221991e+00 4.706095429532678232e+00 4.710965933161227248e+00 4.704967559989086112e+00 2.665823961562004740e+00 1.563321144088134051e+00 1.580032109150423913e+00 1.573234094415907558e+00
4.703305823469221991e+00 4.706095429532678232e+00 4.710965933161227248e+00 4.704967559989086112e+00 2.665823961562004740e+00 1.563321144088134051e+00 1.580032109150423913e+00 1.573184909687827648e+00
