1.570796326794896558e+00 1.570796326794896558e+00 1.570796326794896558e+00 1.570796326794896558e+00 1.570796326794896558e+00 1.570796326794896558e+00 1.570796326794896558e+00 1.570796326794896558e+00
1.570796326794896558e+00 1.570796326794896558e+00 1.570796326794896558e+00 1.570796326794896558e+00 1.570796326794896558e+00 1.570796326794896558e+00 1.570796326794896558e+00 1.570796326794896558e+00
2.570796326794896558e+00 1.570796326794896558e+00 1.570796326794896558e+00 1.570796326794896558e+00 1.570796326794896558e+00 1.570796326794896558e+00 1.570796326794896558e+00 1.570796326794896558e+00
4.188830326794896308e+00 1.570796326794896558e+00 1.570796326794896558e+00 1.570796326794896558e+00 1.570796326794896558e+00 1.570796326794896558e+00 1.570796326794896558e+00 1.570796326794896558e+00
6.806864351950896008e+00 1.570796326794896558e+00 1.570796326794896558e+00 1.570796326794896558e+00 1.570796326794896558e+00 1.570796326794896558e+00 1.570796326794896558e+00 1.570796326794896558e+00
4.188830326794896308e+00 1.570796326794896558e+00 1.570796326794896558e+00 1.570796326794896558e+00 1.570796326794896558e+00 1.570796326794896558e+00 1.570796326794896558e+00 1.570796326794896558e+00
5.188830311247633276e+00 1.570796326794896558e+00 1.570796326794896558e+00 1.570796326794896558e+00 1.570796326794896558e+00 1.570796326794896558e+00 1.570796326794896558e+00 1.570796326794896558e+00
5.806864301638895220e+00 1.570796326794896558e+00 1.570796326794896558e+00 1.570796326794896558e+00 1.570796326794896558e+00 1.570796326794896558e+00 1.570796326794896558e+00 1.570796326794896558e+00
4.707269410378200902e+00 1.570796326794896558e+00 1.570796326794896558e+00 1.570796326794896558e+00 1.570796326794896558e+00 1.570796326794896558e+00 1.570796326794896558e+00 1.570796326794896558e+00
4.782981128379764968e+00 1.570796326794896558e+00 1.570796326794896558e+00 1.570796326794896558e+00 1.570796326794896558e+00 1.570796326794896558e+00 1.570796326794896558e+00 1.570796326794896558e+00
4.938137742378450490e+00 1.570796326794896558e+00 1.570796326794896558e+00 1.570796326794896558e+00 1.570796326794896558e+00 1.570796326794896558e+00 1.570796326794896558e+00 1.570796326794896558e+00
4.904464328212615243e+00 1.570796326794896558e+00 1.570796326794896558e+00 1.570796326794896558e+00 1.570796326794896558e+00 1.570796326794896558e+00 1.570796326794896558e+00 1.570796326794896558e+00
4.871127648188437576e+00 1.570796326794896558e+00 1.570796326794896558e+00 1.570796326794896558e+00 1.570796326794896558e+00 1.570796326794896558e+00 1.570796326794896558e+00 1.570796326794896558e+00
4.837458674603198006e+00 1.570796326794896558e+00 1.570796326794896558e+00 1.570796326794896558e+00 1.570796326794896558e+00 1.570796326794896558e+00 1.570796326794896558e+00 1.570796326794896558e+00
4.871127648188437576e+00 1.570796326794896558e+00 1.570796326794896558e+00 1.570796326794896558e+00 1.570796326794896558e+00 1.570796326794896558e+00 1.570796326794896558e+00 1.570796326794896558e+00
4.871127648188437576e+00 2.570796326794896558e+00 1.570796326794896558e+00 1.570796326794896558e+00 1.570796326794896558e+00 1.570796326794896558e+00 1.570796326794896558e+00 1.570796326794896558e+00
4.871127648188437576e+00 -4.723767320510341428e-02 1.570796326794896558e+00 1.570796326794896558e+00 1.570796326794896558e+00 1.570796326794896558e+00 1.570796326794896558e+00 1.570796326794896558e+00
4.871127648188437576e+00 -2.665271698361102892e+00 1.570796326794896558e+00 1.570796326794896558e+00 1.570796326794896558e+00 1.570796326794896558e+00 1.570796326794896558e+00 1.570796326794896558e+00
4.871127648188437576e+00 -1.745435209396245302e+00 1.570796326794896558e+00 1.570796326794896558e+00 1.570796326794896558e+00 1.570796326794896558e+00 1.570796326794896558e+00 1.570796326794896558e+00
4.871127648188437576e+00 -1.745435209396245302e+00 1.570796326794896558e+00 1.570796326794896558e+00 1.570796326794896558e+00 1.570796326794896558e+00 1.570796326794896558e+00 1.570796326794896558e+00
4.871127648188437576e+00 -1.096781489287459443e+00 1.570796326794896558e+00 1.570796326794896558e+00 1.570796326794896558e+00 1.570796326794896558e+00 1.570796326794896558e+00 1.570796326794896558e+00
4.871127648188437576e+00 -6.958914360337460359e-01 1.570796326794896558e+00 1.570796326794896558e+00 1.570796326794896558e+00 1.570796326794896558e+00 1.570796326794896558e+00 1.570796326794896558e+00
4.871127648188437576e+00 -1.389501321801414946e+00 1.570796326794896558e+00 1.570796326794896558e+00 1.570796326794896558e+00 1.570796326794896558e+00 1.570796326794896558e+00 1.570796326794896558e+00
4.871127648188437576e+00 -9.436551192063515892e-01 1.570796326794896558e+00 1.570796326794896558e+00 1.570796326794896558e+00 1.570796326794896558e+00 1.570796326794896558e+00 1.570796326794896558e+00
4.871127648188437576e+00 -1.208590512833485064e+00 1.570796326794896558e+00 1.570796326794896558e+00 1.570796326794896558e+00 1.570796326794896558e+00 1.570796326794896558e+00 1.570796326794896558e+00
4.871127648188437576e+00 -1.038292422213058952e+00 1.570796326794896558e+00 1.570796326794896558e+00 1.570796326794896558e+00 1.570796326794896558e+00 1.570796326794896558e+00 1.570796326794896558e+00
4.871127648188437576e+00 -1.139488734775240708e+00 1.570796326794896558e+00 1.570796326794896558e+00 1.570796326794896558e+00 1.570796326794896558e+00 1.570796326794896558e+00 1.570796326794896558e+00
4.871127648188437576e+00 -1.166591585400941877e+00 1.570796326794896558e+00 1.570796326794896558e+00 1.570796326794896558e+00 1.570796326794896558e+00 1.570796326794896558e+00 1.570796326794896558e+00
4.871127648188437576e+00 -1.166591585400941877e+00 1.570796326794896558e+00 1.570796326794896558e+00 1.570796326794896558e+00 1.570796326794896558e+00 1.570796326794896558e+00 1.570796326794896558e+00
4.871127648188437576e+00 -1.166591585400941877e+00 2.570796326794896558e+00 1.570796326794896558e+00 1.570796326794896558e+00 1.570796326794896558e+00 1.570796326794896558e+00 1.570796326794896558e+00
4.871127648188437576e+00 -1.166591585400941877e+00 4.188830326794896308e+00 1.570796326794896558e+00 1.570796326794896558e+00 1.570796326794896558e+00 1.570796326794896558e+00 1.570796326794896558e+00
4.871127648188437576e+00 -1.166591585400941877e+00 6.806864351950896008e+00 1.570796326794896558e+00 1.570796326794896558e+00 1.570796326794896558e+00 1.570796326794896558e+00 1.570796326794896558e+00
4.871127648188437576e+00 -1.166591585400941877e+00 4.188830326794896308e+00 1.570796326794896558e+00 1.570796326794896558e+00 1.570796326794896558e+00 1.570796326794896558e+00 1.570796326794896558e+00
4.871127648188437576e+00 -1.166591585400941877e+00 5.188830311247633276e+00 1.570796326794896558e+00 1.570796326794896558e+00 1.570796326794896558e+00 1.570796326794896558e+00 1.570796326794896558e+00
4.871127648188437576e+00 -1.166591585400941877e+00 5.806864301638895220e+00 1.570796326794896558e+00 1.570796326794896558e+00 1.570796326794896558e+00 1.570796326794896558e+00 1.570796326794896558e+00
4.871127648188437576e+00 -1.166591585400941877e+00 4.781109787153265067e+00 1.570796326794896558e+00 1.570796326794896558e+00 1.570796326794896558e+00 1.570796326794896558e+00 1.570796326794896558e+00
4.871127648188437576e+00 -1.166591585400941877e+00 4.745559029302807375e+00 1.570796326794896558e+00 1.570796326794896558e+00 1.570796326794896558e+00 1.570796326794896558e+00 1.570796326794896558e+00
4.871127648188437576e+00 -1.166591585400941877e+00 4.813212921766848673e+00 1.570796326794896558e+00 1.570796326794896558e+00 1.570796326794896558e+00 1.570796326794896558e+00 1.570796326794896558e+00
4.871127648188437576e+00 -1.166591585400941877e+00 4.781109787153265067e+00 1.570796326794896558e+00 1.570796326794896558e+00 1.570796326794896558e+00 1.570796326794896558e+00 1.570796326794896558e+00
4.871127648188437576e+00 -1.166591585400941877e+00 4.781109787153265067e+00 2.570796326794896558e+00 1.570796326794896558e+00 1.570796326794896558e+00 1.570796326794896558e+00 1.570796326794896558e+00
4.871127648188437576e+00 -1.166591585400941877e+00 4.781109787153265067e+00 4.188830326794896308e+00 1.570796326794896558e+00 1.570796326794896558e+00 1.570796326794896558e+00 1.570796326794896558e+00
4.871127648188437576e+00 -1.166591585400941877e+00 4.781109787153265067e+00 6.806864351950896008e+00 1.570796326794896558e+00 1.570796326794896558e+00 1.570796326794896558e+00 1.570796326794896558e+00
4.871127648188437576e+00 -1.166591585400941877e+00 4.781109787153265067e+00 4.188830326794896308e+00 1.570796326794896558e+00 1.570796326794896558e+00 1.570796326794896558e+00 1.570796326794896558e+00
4.871127648188437576e+00 -1.166591585400941877e+00 4.781109787153265067e+00 5.188830311247633276e+00 1.570796326794896558e+00 1.570796326794896558e+00 1.570796326794896558e+00 1.570796326794896558e+00
4.871127648188437576e+00 -1.166591585400941877e+00 4.781109787153265067e+00 5.806864301638895220e+00 1.570796326794896558e+00 1.570796326794896558e+00 1.570796326794896558e+00 1.570796326794896558e+00
4.871127648188437576e+00 -1.166591585400941877e+00 4.781109787153265067e+00 4.737577883005195112e+00 1.570796326794896558e+00 1.570796326794896558e+00 1.570796326794896558e+00 1.570796326794896558e+00
4.871127648188437576e+00 -1.166591585400941877e+00 4.781109787153265067e+00 4.705910067433092259e+00 1.570796326794896558e+00 1.570796326794896558e+00 1.570796326794896558e+00 1.570796326794896558e+00
4.871127648188437576e+00 -1.166591585400941877e+00 4.781109787153265067e+00 4.508403187220483055e+00 1.570796326794896558e+00 1.570796326794896558e+00 1.570796326794896558e+00 1.570796326794896558e+00
4.871127648188437576e+00 -1.166591585400941877e+00 4.781109787153265067e+00 4.617465543096858305e+00 1.570796326794896558e+00 1.570796326794896558e+00 1.570796326794896558e+00 1.570796326794896558e+00
4.871127648188437576e+00 -1.166591585400941877e+00 4.781109787153265067e+00 4.672127266250478250e+00 1.570796326794896558e+00 1.570796326794896558e+00 1.570796326794896558e+00 1.570796326794896558e+00
4.871127648188437576e+00 -1.166591585400941877e+00 4.781109787153265067e+00 4.705910067433092259e+00 1.570796326794896558e+00 1.570796326794896558e+00 1.570796326794896558e+00 1.570796326794896558e+00
4.871127648188437576e+00 -1.166591585400941877e+00 4.781109787153265067e+00 4.705910067433092259e+00 2.570796326794896558e+00 1.570796326794896558e+00 1.570796326794896558e+00 1.570796326794896558e+00
4.871127648188437576e+00 -1.166591585400941877e+00 4.781109787153265067e+00 4.705910067433092259e+00 4.188830326794896308e+00 1.570796326794896558e+00 1.570796326794896558e+00 1.570796326794896558e+00
4.871127648188437576e+00 -1.166591585400941877e+00 4.781109787153265067e+00 4.705910067433092259e+00 6.806864351950896008e+00 1.570796326794896558e+00 1.570796326794896558e+00 1.570796326794896558e+00
4.871127648188437576e+00 -1.166591585400941877e+00 4.781109787153265067e+00 4.705910067433092259e+00 4.188830326794896308e+00 1.570796326794896558e+00 1.570796326794896558e+00 1.570796326794896558e+00
4.871127648188437576e+00 -1.166591585400941877e+00 4.781109787153265067e+00 4.705910067433092259e+00 5.188830311247633276e+00 1.570796326794896558e+00 1.570796326794896558e+00 1.570796326794896558e+00
4.871127648188437576e+00 -1.166591585400941877e+00 4.781109787153265067e+00 4.705910067433092259e+00 5.806864301638895220e+00 1.570796326794896558e+00 1.570796326794896558e+00 1.570796326794896558e+00
4.871127648188437576e+00 -1.166591585400941877e+00 4.781109787153265067e+00 4.705910067433092259e+00 4.785905584060798468e+00 1.570796326794896558e+00 1.570796326794896558e+00 1.570796326794896558e+00
4.871127648188437576e+00 -1.166591585400941877e+00 4.781109787153265067e+00 4.705910067433092259e+00 4.753754491478138888e+00 1.570796326794896558e+00 1.570796326794896558e+00 1.570796326794896558e+00
4.871127648188437576e+00 -1.166591585400941877e+00 4.781109787153265067e+00 4.705910067433092259e+00 4.818056676643458047e+00 1.570796326794896558e+00 1.570796326794896558e+00 1.570796326794896558e+00
4.871127648188437576e+00 -1.166591585400941877e+00 4.781109787153265067e+00 4.705910067433092259e+00 4.785905584060798468e+00 1.570796326794896558e+00 1.570796326794896558e+00 1.570796326794896558e+00
4.871127648188437576e+00 -1.166591585400941877e+00 4.781109787153265067e+00 4.705910067433092259e+00 4.785905584060798468e+00 2.570796326794896558e+00 1.570796326794896558e+00 1.570796326794896558e+00
4.871127648188437576e+00 -1.166591585400941877e+00 4.781109787153265067e+00 4.705910067433092259e+00 4.785905584060798468e+00 -4.723767320510341428e-02 1.570796326794896558e+00 1.570796326794896558e+00
4.871127648188437576e+00 -1.166591585400941877e+00 4.781109787153265067e+00 4.705910067433092259e+00 4.785905584060798468e+00 1.570796326794896558e+00 1.570796326794896558e+00 1.570796326794896558e+00
4.871127648188437576e+00 -1.166591585400941877e+00 4.781109787153265067e+00 4.705910067433092259e+00 4.785905584060798468e+00 9.527623519508965355e-01 1.570796326794896558e+00 1.570796326794896558e+00
4.871127648188437576e+00 -1.166591585400941877e+00 4.781109787153265067e+00 4.705910067433092259e+00 4.785905584060798468e+00 1.952762326794896586e+00 1.570796326794896558e+00 1.570796326794896558e+00
4.871127648188437576e+00 -1.166591585400941877e+00 4.781109787153265067e+00 4.705910067433092259e+00 4.785905584060798468e+00 1.515131205524374192e+00 1.570796326794896558e+00 1.570796326794896558e+00
4.871127648188437576e+00 -1.166591585400941877e+00 4.781109787153265067e+00 4.705910067433092259e+00 4.785905584060798468e+00 1.727718802428953815e+00 1.570796326794896558e+00 1.570796326794896558e+00
4.871127648188437576e+00 -1.166591585400941877e+00 4.781109787153265067e+00 4.705910067433092259e+00 4.785905584060798468e+00 1.630735377122934926e+00 1.570796326794896558e+00 1.570796326794896558e+00
4.871127648188437576e+00 -1.166591585400941877e+00 4.781109787153265067e+00 4.705910067433092259e+00 4.785905584060798468e+00 1.593691006092496032e+00 1.570796326794896558e+00 1.570796326794896558e+00
4.871127648188437576e+00 -1.166591585400941877e+00 4.781109787153265067e+00 4.705910067433092259e+00 4.785905584060798468e+00 1.549534143083680204e+00 1.570796326794896558e+00 1.570796326794896558e+00
4.871127648188437576e+00 -1.166591585400941877e+00 4.781109787153265067e+00 4.705910067433092259e+00 4.785905584060798468e+00 1.579541315867483364e+00 1.570796326794896558e+00 1.570796326794896558e+00
4.871127648188437576e+00 -1.166591585400941877e+00 4.781109787153265067e+00 4.705910067433092259e+00 4.785905584060798468e+00 1.569905917205413726e+00 1.570796326794896558e+00 1.570796326794896558e+00
4.871127648188437576e+00 -1.166591585400941877e+00 4.781109787153265067e+00 4.705910067433092259e+00 4.785905584060798468e+00 1.562124592131231671e+00 1.570796326794896558e+00 1.570796326794896558e+00
4.871127648188437576e+00 -1.166591585400941877e+00 4.781109787153265067e+00 4.705910067433092259e+00 4.785905584060798468e+00 1.566933715592128573e+00 1.570796326794896558e+00 1.570796326794896558e+00
4.871127648188437576e+00 -1.166591585400941877e+00 4.781109787153265067e+00 4.705910067433092259e+00 4.785905584060798468e+00 1.568770637243993571e+00 1.570796326794896558e+00 1.570796326794896558e+00
4.871127648188437576e+00 -1.166591585400941877e+00 4.781109787153265067e+00 4.705910067433092259e+00 4.785905584060798468e+00 1.569472278859670000e+00 1.570796326794896558e+00 1.570796326794896558e+00
4.871127648188437576e+00 -1.166591585400941877e+00 4.781109787153265067e+00 4.705910067433092259e+00 4.785905584060798468e+00 1.570246023394670010e+00 1.570796326794896558e+00 1.570796326794896558e+00
4.871127648188437576e+00 -1.166591585400941877e+00 4.781109787153265067e+00 4.705910067433092259e+00 4.785905584060798468e+00 1.569740282101043327e+00 1.570796326794896558e+00 1.570796326794896558e+00
4.871127648188437576e+00 -1.166591585400941877e+00 4.781109787153265067e+00 4.705910067433092259e+00 4.785905584060798468e+00 1.570035826206099161e+00 1.570796326794896558e+00 1.570796326794896558e+00
4.871127648188437576e+00 -1.166591585400941877e+00 4.781109787153265067e+00 4.705910067433092259e+00 4.785905584060798468e+00 1.569842650227137648e+00 1.570796326794896558e+00 1.570796326794896558e+00
4.871127648188437576e+00 -1.166591585400941877e+00 4.781109787153265067e+00 4.705910067433092259e+00 4.785905584060798468e+00 1.569955538026769570e+00 1.570796326794896558e+00 1.570796326794896558e+00
4.871127648188437576e+00 -1.166591585400941877e+00 4.781109787153265067e+00 4.705910067433092259e+00 4.785905584060798468e+00 1.569881751370789447e+00 1.570796326794896558e+00 1.570796326794896558e+00
4.871127648188437576e+00 -1.166591585400941877e+00 4.781109787153265067e+00 4.705910067433092259e+00 4.785905584060798468e+00 1.569924870672063655e+00 1.570796326794896558e+00 1.570796326794896558e+00
4.871127648188437576e+00 -1.166591585400941877e+00 4.781109787153265067e+00 4.705910067433092259e+00 4.785905584060798468e+00 1.569896686678225572e+00 1.570796326794896558e+00 1.570796326794896558e+00
4.871127648188437576e+00 -1.166591585400941877e+00 4.781109787153265067e+00 4.705910067433092259e+00 4.785905584060798468e+00 1.569914821311308550e+00 1.570796326794896558e+00 1.570796326794896558e+00
4.871127648188437576e+00 -1.166591585400941877e+00 4.781109787153265067e+00 4.705910067433092259e+00 4.785905584060798468e+00 1.569905917205413726e+00 1.570796326794896558e+00 1.570796326794896558e+00
4.871127648188437576e+00 -1.166591585400941877e+00 4.781109787153265067e+00 4.705910067433092259e+00 4.785905584060798468e+00 1.569905917205413726e+00 2.570796326794896558e+00 1.570796326794896558e+00
4.871127648188437576e+00 -1.166591585400941877e+00 4.781109787153265067e+00 4.705910067433092259e+00 4.785905584060798468e+00 1.569905917205413726e+00 -4.723767320510341428e-02 1.570796326794896558e+00
4.871127648188437576e+00 -1.166591585400941877e+00 4.781109787153265067e+00 4.705910067433092259e+00 4.785905584060798468e+00 1.569905917205413726e+00 1.570796326794896558e+00 1.570796326794896558e+00
4.871127648188437576e+00 -1.166591585400941877e+00 4.781109787153265067e+00 4.705910067433092259e+00 4.785905584060798468e+00 1.569905917205413726e+00 9.527623519508965355e-01 1.570796326794896558e+00
4.871127648188437576e+00 -1.166591585400941877e+00 4.781109787153265067e+00 4.705910067433092259e+00 4.785905584060798468e+00 1.569905917205413726e+00 1.952762326794896586e+00 1.570796326794896558e+00
4.871127648188437576e+00 -1.166591585400941877e+00 4.781109787153265067e+00 4.705910067433092259e+00 4.785905584060798468e+00 1.569905917205413726e+00 1.512362772485853712e+00 1.570796326794896558e+00
4.871127648188437576e+00 -1.166591585400941877e+00 4.781109787153265067e+00 4.705910067433092259e+00 4.785905584060798468e+00 1.569905917205413726e+00 1.730533307436507906e+00 1.570796326794896558e+00
4.871127648188437576e+00 -1.166591585400941877e+00 4.781109787153265067e+00 4.705910067433092259e+00 4.785905584060798468e+00 1.569905917205413726e+00 1.631810422342650391e+00 1.570796326794896558e+00
4.871127648188437576e+00 -1.166591585400941877e+00 4.781109787153265067e+00 4.705910067433092259e+00 4.785905584060798468e+00 1.569905917205413726e+00 1.594101636814889922e+00 1.570796326794896558e+00
4.871127648188437576e+00 -1.166591585400941877e+00 4.781109787153265067e+00 4.705910067433092259e+00 4.785905584060798468e+00 1.569905917205413726e+00 1.554592379390352885e+00 1.570796326794896558e+00
4.871127648188437576e+00 -1.166591585400941877e+00 4.781109787153265067e+00 4.705910067433092259e+00 4.785905584060798468e+00 1.569905917205413726e+00 1.568472720689521704e+00 1.570796326794896558e+00
4.871127648188437576e+00 -1.166591585400941877e+00 4.781109787153265067e+00 4.705910067433092259e+00 4.785905584060798468e+00 1.569905917205413726e+00 1.579698162841993270e+00 1.570796326794896558e+00
4.871127648188437576e+00 -1.166591585400941877e+00 4.781109787153265067e+00 4.705910067433092259e+00 4.785905584060798468e+00 1.569905917205413726e+00 1.574196525502461919e+00 1.570796326794896558e+00
4.871127648188437576e+00 -1.166591585400941877e+00 4.781109787153265067e+00 4.705910067433092259e+00 4.785905584060798468e+00 1.569905917205413726e+00 1.572095087094430577e+00 1.570796326794896558e+00
4.871127648188437576e+00 -1.166591585400941877e+00 4.781109787153265067e+00 4.705910067433092259e+00 4.785905584060798468e+00 1.569905917205413726e+00 1.569908788265250932e+00 1.570796326794896558e+00
4.871127648188437576e+00 -1.166591585400941877e+00 4.781109787153265067e+00 4.705910067433092259e+00 4.785905584060798468e+00 1.569905917205413726e+00 1.571292409071468388e+00 1.570796326794896558e+00
4.871127648188437576e+00 -1.166591585400941877e+00 4.781109787153265067e+00 4.705910067433092259e+00 4.785905584060798468e+00 1.569905917205413726e+00 1.570457317252881957e+00 1.570796326794896558e+00
4.871127648188437576e+00 -1.166591585400941877e+00 4.781109787153265067e+00 4.705910067433092259e+00 4.785905584060798468e+00 1.569905917205413726e+00 1.571224469021487380e+00 1.570796326794896558e+00
4.871127648188437576e+00 -1.166591585400941877e+00 4.781109787153265067e+00 4.705910067433092259e+00 4.785905584060798468e+00 1.569905917205413726e+00 1.570959862568618526e+00 1.570796326794896558e+00
4.871127648188437576e+00 -1.166591585400941877e+00 4.781109787153265067e+00 4.705910067433092259e+00 4.785905584060798468e+00 1.569905917205413726e+00 1.570666836676171352e+00 1.570796326794896558e+00
4.871127648188437576e+00 -1.166591585400941877e+00 4.781109787153265067e+00 4.705910067433092259e+00 4.785905584060798468e+00 1.569905917205413726e+00 1.570858791900242135e+00 1.570796326794896558e+00
4.871127648188437576e+00 -1.166591585400941877e+00 4.781109787153265067e+00 4.705910067433092259e+00 4.785905584060798468e+00 1.569905917205413726e+00 1.570746865972207695e+00 1.570796326794896558e+00
4.871127648188437576e+00 -1.166591585400941877e+00 4.781109787153265067e+00 4.705910067433092259e+00 4.785905584060798468e+00 1.569905917205413726e+00 1.570820186341324920e+00 1.570796326794896558e+00
4.871127648188437576e+00 -1.166591585400941877e+00 4.781109787153265067e+00 4.705910067433092259e+00 4.785905584060798468e+00 1.569905917205413726e+00 1.570777434442297338e+00 1.570796326794896558e+00
4.871127648188437576e+00 -1.166591585400941877e+00 4.781109787153265067e+00 4.705910067433092259e+00 4.785905584060798468e+00 1.569905917205413726e+00 1.570805440330407698e+00 1.570796326794896558e+00
4.871127648188437576e+00 -1.166591585400941877e+00 4.781109787153265067e+00 4.705910067433092259e+00 4.785905584060798468e+00 1.569905917205413726e+00 1.570789110558543644e+00 1.570796326794896558e+00
4.871127648188437576e+00 -1.166591585400941877e+00 4.781109787153265067e+00 4.705910067433092259e+00 4.785905584060798468e+00 1.569905917205413726e+00 1.570799807855601582e+00 1.570796326794896558e+00
4.871127648188437576e+00 -1.166591585400941877e+00 4.781109787153265067e+00 4.705910067433092259e+00 4.785905584060798468e+00 1.569905917205413726e+00 1.570793570437961861e+00 1.570796326794896558e+00
4.871127648188437576e+00 -1.166591585400941877e+00 4.781109787153265067e+00 4.705910067433092259e+00 4.785905584060798468e+00 1.569905917205413726e+00 1.570797656441729861e+00 1.570796326794896558e+00
4.871127648188437576e+00 -1.166591585400941877e+00 4.781109787153265067e+00 4.705910067433092259e+00 4.785905584060798468e+00 1.569905917205413726e+00 1.570795273960263527e+00 1.570796326794896558e+00
4.871127648188437576e+00 -1.166591585400941877e+00 4.781109787153265067e+00 4.705910067433092259e+00 4.785905584060798468e+00 1.569905917205413726e+00 1.570796834674778930e+00 1.570796326794896558e+00
4.871127648188437576e+00 -1.166591585400941877e+00 4.781109787153265067e+00 4.705910067433092259e+00 4.785905584060798468e+00 1.569905917205413726e+00 1.570795924647863107e+00 1.570796326794896558e+00
4.871127648188437576e+00 -1.166591585400941877e+00 4.781109787153265067e+00 4.705910067433092259e+00 4.785905584060798468e+00 1.569905917205413726e+00 1.570796520787743678e+00 1.570796326794896558e+00
4.871127648188437576e+00 -1.166591585400941877e+00 4.781109787153265067e+00 4.705910067433092259e+00 4.785905584060798468e+00 1.569905917205413726e+00 1.570796173188402811e+00 1.570796326794896558e+00
4.871127648188437576e+00 -1.166591585400941877e+00 4.781109787153265067e+00 4.705910067433092259e+00 4.785905584060798468e+00 1.569905917205413726e+00 1.570796400893568423e+00 1.570796326794896558e+00
4.871127648188437576e+00 -1.166591585400941877e+00 4.781109787153265067e+00 4.705910067433092259e+00 4.785905584060798468e+00 1.569905917205413726e+00 1.570796268122438555e+00 1.570796326794896558e+00
4.871127648188437576e+00 -1.166591585400941877e+00 4.781109787153265067e+00 4.705910067433092259e+00 4.785905584060798468e+00 1.569905917205413726e+00 1.570796355098069919e+00 1.570796326794896558e+00
4.871127648188437576e+00 -1.166591585400941877e+00 4.781109787153265067e+00 4.705910067433092259e+00 4.785905584060798468e+00 1.569905917205413726e+00 1.570796304384012521e+00 1.570796326794896558e+00
4.871127648188437576e+00 -1.166591585400941877e+00 4.781109787153265067e+00 4.705910067433092259e+00 4.785905584060798468e+00 1.569905917205413726e+00 1.570796337605746551e+00 1.570796326794896558e+00
4.871127648188437576e+00 -1.166591585400941877e+00 4.781109787153265067e+00 4.705910067433092259e+00 4.785905584060798468e+00 1.569905917205413726e+00 1.570796318234700895e+00 1.570796326794896558e+00
4.871127648188437576e+00 -1.166591585400941877e+00 4.781109787153265067e+00 4.705910067433092259e+00 4.785905584060798468e+00 1.569905917205413726e+00 1.570796330924273621e+00 1.570796326794896558e+00
4.871127648188437576e+00 -1.166591585400941877e+00 4.781109787153265067e+00 4.705910067433092259e+00 4.785905584060798468e+00 1.569905917205413726e+00 1.570796323525192717e+00 1.570796326794896558e+00
4.871127648188437576e+00 -1.166591585400941877e+00 4.781109787153265067e+00 4.705910067433092259e+00 4.785905584060798468e+00 1.569905917205413726e+00 1.570796328372178197e+00 1.570796326794896558e+00
4.871127648188437576e+00 -1.166591585400941877e+00 4.781109787153265067e+00 4.705910067433092259e+00 4.785905584060798468e+00 1.569905917205413726e+00 1.570796325545980920e+00 1.570796326794896558e+00
4.871127648188437576e+00 -1.166591585400941877e+00 4.781109787153265067e+00 4.705910067433092259e+00 4.785905584060798468e+00 1.569905917205413726e+00 1.570796327397364411e+00 1.570796326794896558e+00
4.871127648188437576e+00 -1.166591585400941877e+00 4.781109787153265067e+00 4.705910067433092259e+00 4.785905584060798468e+00 1.569905917205413726e+00 1.570796326317853264e+00 1.570796326794896558e+00
4.871127648188437576e+00 -1.166591585400941877e+00 4.781109787153265067e+00 4.705910067433092259e+00 4.785905584060798468e+00 1.569905917205413726e+00 1.570796327025018924e+00 1.570796326794896558e+00
4.871127648188437576e+00 -1.166591585400941877e+00 4.781109787153265067e+00 4.705910067433092259e+00 4.785905584060798468e+00 1.569905917205413726e+00 1.570796326612682314e+00 1.570796326794896558e+00
4.871127648188437576e+00 -1.166591585400941877e+00 4.781109787153265067e+00 4.705910067433092259e+00 4.785905584060798468e+00 1.569905917205413726e+00 1.570796326882795357e+00 1.570796326794896558e+00
4.871127648188437576e+00 -1.166591585400941877e+00 4.781109787153265067e+00 4.705910067433092259e+00 4.785905584060798468e+00 1.569905917205413726e+00 1.570796326725296899e+00 1.570796326794896558e+00
4.871127648188437576e+00 -1.166591585400941877e+00 4.781109787153265067e+00 4.705910067433092259e+00 4.785905584060798468e+00 1.569905917205413726e+00 1.570796326828471035e+00 1.570796326794896558e+00
4.871127648188437576e+00 -1.166591585400941877e+00 4.781109787153265067e+00 4.705910067433092259e+00 4.785905584060798468e+00 1.569905917205413726e+00 1.570796326768311824e+00 1.570796326794896558e+00
4.871127648188437576e+00 -1.166591585400941877e+00 4.781109787153265067e+00 4.705910067433092259e+00 4.785905584060798468e+00 1.569905917205413726e+00 1.570796326807720744e+00 1.570796326794896558e+00
4.871127648188437576e+00 -1.166591585400941877e+00 4.781109787153265067e+00 4.705910067433092259e+00 4.785905584060798468e+00 1.569905917205413726e+00 1.570796326784742014e+00 1.570796326794896558e+00
4.871127648188437576e+00 -1.166591585400941877e+00 4.781109787153265067e+00 4.705910067433092259e+00 4.785905584060798468e+00 1.569905917205413726e+00 1.570796326794896558e+00 1.570796326794896558e+00
4.871127648188437576e+00 -1.166591585400941877e+00 4.781109787153265067e+00 4.705910067433092259e+00 4.785905584060798468e+00 1.569905917205413726e+00 1.570796326794896558e+00 2.570796326794896558e+00
4.871127648188437576e+00 -1.166591585400941877e+00 4.781109787153265067e+00 4.705910067433092259e+00 4.785905584060798468e+00 1.569905917205413726e+00 1.570796326794896558e+00 -4.723767320510341428e-02
4.871127648188437576e+00 -1.166591585400941877e+00 4.781109787153265067e+00 4.705910067433092259e+00 4.785905584060798468e+00 1.569905917205413726e+00 1.570796326794896558e+00 1.570796326794896558e+00
4.871127648188437576e+00 -1.166591585400941877e+00 4.781109787153265067e+00 4.705910067433092259e+00 4.785905584060798468e+00 1.569905917205413726e+00 1.570796326794896558e+00 9.527623519508965355e-01
4.871127648188437576e+00 -1.166591585400941877e+00 4.781109787153265067e+00 4.705910067433092259e+00 4.785905584060798468e+00 1.569905917205413726e+00 1.570796326794896558e+00 5.707963423421598126e-01
4.871127648188437576e+00 -1.166591585400941877e+00 4.781109787153265067e+00 4.705910067433092259e+00 4.785905584060798468e+00 1.569905917205413726e+00 1.570796326794896558e+00 1.031213728057723600e+00
4.871127648188437576e+00 -1.166591585400941877e+00 4.781109787153265067e+00 4.705910067433092259e+00 4.785905584060798468e+00 1.569905917205413726e+00 1.570796326794896558e+00 9.919880400043099566e-01
4.871127648188437576e+00 -1.166591585400941877e+00 4.781109787153265067e+00 4.705910067433092259e+00 4.785905584060798468e+00 1.569905917205413726e+00 1.570796326794896558e+00 1.237315934966966680e+00
4.871127648188437576e+00 -1.166591585400941877e+00 4.781109787153265067e+00 4.705910067433092259e+00 4.785905584060798468e+00 1.569905917205413726e+00 1.570796326794896558e+00 1.036609554055095250e+00
4.871127648188437576e+00 -1.166591585400941877e+00 4.781109787153265067e+00 4.705910067433092259e+00 4.785905584060798468e+00 1.569905917205413726e+00 1.570796326794896558e+00 1.025817902060351727e+00
