1.570796326794896558e+00 1.570796326794896558e+00 1.570796326794896558e+00 1.570796326794896558e+00 1.570796326794896558e+00 1.570796326794896558e+00 1.570796326794896558e+00 1.570796326794896558e+00
1.570796326794896558e+00 1.570796326794896558e+00 1.570796326794896558e+00 1.570796326794896558e+00 1.570796326794896558e+00 1.570796326794896558e+00 1.570796326794896558e+00 1.570796326794896558e+00
2.570796326794896558e+00 1.570796326794896558e+00 1.570796326794896558e+00 1.570796326794896558e+00 1.570796326794896558e+00 1.570796326794896558e+00 1.570796326794896558e+00 1.570796326794896558e+00
4.188830326794896308e+00 1.570796326794896558e+00 1.570796326794896558e+00 1.570796326794896558e+00 1.570796326794896558e+00 1.570796326794896558e+00 1.570796326794896558e+00 1.570796326794896558e+00
6.806864351950896008e+00 1.570796326794896558e+00 1.570796326794896558e+00 1.570796326794896558e+00 1.570796326794896558e+00 1.570796326794896558e+00 1.570796326794896558e+00 1.570796326794896558e+00
4.188830326794896308e+00 1.570796326794896558e+00 1.570796326794896558e+00 1.570796326794896558e+00 1.570796326794896558e+00 1.570796326794896558e+00 1.570796326794896558e+00 1.570796326794896558e+00
5.188830311247633276e+00 1.570796326794896558e+00 1.570796326794896558e+00 1.570796326794896558e+00 1.570796326794896558e+00 1.570796326794896558e+00 1.570796326794896558e+00 1.570796326794896558e+00
3.570796351950896508e+00 1.570796326794896558e+00 1.570796326794896558e+00 1.570796326794896558e+00 1.570796326794896558e+00 1.570796326794896558e+00 1.570796326794896558e+00 1.570796326794896558e+00
4.669752861911137032e+00 1.570796326794896558e+00 1.570796326794896558e+00 1.570796326794896558e+00 1.570796326794896558e+00 1.570796326794896558e+00 1.570796326794896558e+00 1.570796326794896558e+00
4.700742427272299295e+00 1.570796326794896558e+00 1.570796326794896558e+00 1.570796326794896558e+00 1.570796326794896558e+00 1.570796326794896558e+00 1.570796326794896558e+00 1.570796326794896558e+00
4.473708800575174394e+00 1.570796326794896558e+00 1.570796326794896558e+00 1.570796326794896558e+00 1.570796326794896558e+00 1.570796326794896558e+00 1.570796326794896558e+00 1.570796326794896558e+00
4.594870695978884534e+00 1.570796326794896558e+00 1.570796326794896558e+00 1.570796326794896558e+00 1.570796326794896558e+00 1.570796326794896558e+00 1.570796326794896558e+00 1.570796326794896558e+00
4.564629952277044822e+00 1.570796326794896558e+00 1.570796326794896558e+00 1.570796326794896558e+00 1.570796326794896558e+00 1.570796326794896558e+00 1.570796326794896558e+00 1.570796326794896558e+00
4.529901163646087525e+00 1.570796326794896558e+00 1.570796326794896558e+00 1.570796326794896558e+00 1.570796326794896558e+00 1.570796326794896558e+00 1.570796326794896558e+00 1.570796326794896558e+00
4.564629952277044822e+00 1.570796326794896558e+00 1.570796326794896558e+00 1.570796326794896558e+00 1.570796326794896558e+00 1.570796326794896558e+00 1.570796326794896558e+00 1.570796326794896558e+00
4.564629952277044822e+00 2.570796326794896558e+00 1.570796326794896558e+00 1.570796326794896558e+00 1.570796326794896558e+00 1.570796326794896558e+00 1.570796326794896558e+00 1.570796326794896558e+00
4.564629952277044822e+00 -4.723767320510341428e-02 1.570796326794896558e+00 1.570796326794896558e+00 1.570796326794896558e+00 1.570796326794896558e+00 1.570796326794896558e+00 1.570796326794896558e+00
4.564629952277044822e+00 -2.665271698361102892e+00 1.570796326794896558e+00 1.570796326794896558e+00 1.570796326794896558e+00 1.570796326794896558e+00 1.570796326794896558e+00 1.570796326794896558e+00
4.564629952277044822e+00 -1.568442539299351068e+00 1.570796326794896558e+00 1.570796326794896558e+00 1.570796326794896558e+00 1.570796326794896558e+00 1.570796326794896558e+00 1.570796326794896558e+00
4.564629952277044822e+00 -1.568442539299351068e+00 1.570796326794896558e+00 1.570796326794896558e+00 1.570796326794896558e+00 1.570796326794896558e+00 1.570796326794896558e+00 1.570796326794896558e+00
4.564629952277044822e+00 -9.873940014167956747e-01 1.570796326794896558e+00 1.570796326794896558e+00 1.570796326794896558e+00 1.570796326794896558e+00 1.570796326794896558e+00 1.570796326794896558e+00
4.564629952277044822e+00 -6.282862493550882554e-01 1.570796326794896558e+00 1.570796326794896558e+00 1.570796326794896558e+00 1.570796326794896558e+00 1.570796326794896558e+00 1.570796326794896558e+00
4.564629952277044822e+00 -5.441806683935914712e-01 1.570796326794896558e+00 1.570796326794896558e+00 1.570796326794896558e+00 1.570796326794896558e+00 1.570796326794896558e+00 1.570796326794896558e+00
4.564629952277044822e+00 -3.543653402934254792e-01 1.570796326794896558e+00 1.570796326794896558e+00 1.570796326794896558e+00 1.570796326794896558e+00 1.570796326794896558e+00 1.570796326794896558e+00
4.564629952277044822e+00 -4.716776667804833956e-01 1.570796326794896558e+00 1.570796326794896558e+00 1.570796326794896558e+00 1.570796326794896558e+00 1.570796326794896558e+00 1.570796326794896558e+00
4.564629952277044822e+00 -5.763061407311305118e-01 1.570796326794896558e+00 1.570796326794896558e+00 1.570796326794896558e+00 1.570796326794896558e+00 1.570796326794896558e+00 1.570796326794896558e+00
4.564629952277044822e+00 -5.164869868794390584e-01 1.570796326794896558e+00 1.570796326794896558e+00 1.570796326794896558e+00 1.570796326794896558e+00 1.570796326794896558e+00 1.570796326794896558e+00
4.564629952277044822e+00 -5.441806683935914712e-01 1.570796326794896558e+00 1.570796326794896558e+00 1.570796326794896558e+00 1.570796326794896558e+00 1.570796326794896558e+00 1.570796326794896558e+00
4.564629952277044822e+00 -5.441806683935914712e-01 2.570796326794896558e+00 1.570796326794896558e+00 1.570796326794896558e+00 1.570796326794896558e+00 1.570796326794896558e+00 1.570796326794896558e+00
4.564629952277044822e+00 -5.441806683935914712e-01 4.188830326794896308e+00 1.570796326794896558e+00 1.570796326794896558e+00 1.570796326794896558e+00 1.570796326794896558e+00 1.570796326794896558e+00
4.564629952277044822e+00 -5.441806683935914712e-01 6.806864351950896008e+00 1.570796326794896558e+00 1.570796326794896558e+00 1.570796326794896558e+00 1.570796326794896558e+00 1.570796326794896558e+00
4.564629952277044822e+00 -5.441806683935914712e-01 4.188830326794896308e+00 1.570796326794896558e+00 1.570796326794896558e+00 1.570796326794896558e+00 1.570796326794896558e+00 1.570796326794896558e+00
4.564629952277044822e+00 -5.441806683935914712e-01 5.188830311247633276e+00 1.570796326794896558e+00 1.570796326794896558e+00 1.570796326794896558e+00 1.570796326794896558e+00 1.570796326794896558e+00
4.564629952277044822e+00 -5.441806683935914712e-01 5.806864301638895220e+00 1.570796326794896558e+00 1.570796326794896558e+00 1.570796326794896558e+00 1.570796326794896558e+00 1.570796326794896558e+00
4.564629952277044822e+00 -5.441806683935914712e-01 4.860642462484196180e+00 1.570796326794896558e+00 1.570796326794896558e+00 1.570796326794896558e+00 1.570796326794896558e+00 1.570796326794896558e+00
4.564629952277044822e+00 -5.441806683935914712e-01 4.897066618031700180e+00 1.570796326794896558e+00 1.570796326794896558e+00 1.570796326794896558e+00 1.570796326794896558e+00 1.570796326794896558e+00
4.564629952277044822e+00 -5.441806683935914712e-01 4.604033068263497341e+00 1.570796326794896558e+00 1.570796326794896558e+00 1.570796326794896558e+00 1.570796326794896558e+00 1.570796326794896558e+00
4.564629952277044822e+00 -5.441806683935914712e-01 4.762626398611292444e+00 1.570796326794896558e+00 1.570796326794896558e+00 1.570796326794896558e+00 1.570796326794896558e+00 1.570796326794896558e+00
4.564629952277044822e+00 -5.441806683935914712e-01 4.823203658630918156e+00 1.570796326794896558e+00 1.570796326794896558e+00 1.570796326794896558e+00 1.570796326794896558e+00 1.570796326794896558e+00
4.564629952277044822e+00 -5.441806683935914712e-01 4.823203658630918156e+00 1.570796326794896558e+00 1.570796326794896558e+00 1.570796326794896558e+00 1.570796326794896558e+00 1.570796326794896558e+00
4.564629952277044822e+00 -5.441806683935914712e-01 4.823203658630918156e+00 2.570796326794896558e+00 1.570796326794896558e+00 1.570796326794896558e+00 1.570796326794896558e+00 1.570796326794896558e+00
4.564629952277044822e+00 -5.441806683935914712e-01 4.823203658630918156e+00 -4.723767320510341428e-02 1.570796326794896558e+00 1.570796326794896558e+00 1.570796326794896558e+00 1.570796326794896558e+00
4.564629952277044822e+00 -5.441806683935914712e-01 4.823203658630918156e+00 -2.665271698361102892e+00 1.570796326794896558e+00 1.570796326794896558e+00 1.570796326794896558e+00 1.570796326794896558e+00
4.564629952277044822e+00 -5.441806683935914712e-01 4.823203658630918156e+00 -1.409632805156725510e+00 1.570796326794896558e+00 1.570796326794896558e+00 1.570796326794896558e+00 1.570796326794896558e+00
4.564629952277044822e+00 -5.441806683935914712e-01 4.823203658630918156e+00 -1.409632805156725510e+00 1.570796326794896558e+00 1.570796326794896558e+00 1.570796326794896558e+00 1.570796326794896558e+00
4.564629952277044822e+00 -5.441806683935914712e-01 4.823203658630918156e+00 -8.892441861856923424e-01 1.570796326794896558e+00 1.570796326794896558e+00 1.570796326794896558e+00 1.570796326794896558e+00
4.564629952277044822e+00 -5.441806683935914712e-01 4.823203658630918156e+00 -1.889244170638428866e+00 1.570796326794896558e+00 1.570796326794896558e+00 1.570796326794896558e+00 1.570796326794896558e+00
4.564629952277044822e+00 -5.441806683935914712e-01 4.823203658630918156e+00 -1.293302541461723187e+00 1.570796326794896558e+00 1.570796326794896558e+00 1.570796326794896558e+00 1.570796326794896558e+00
4.564629952277044822e+00 -5.441806683935914712e-01 4.823203658630918156e+00 -1.179860408369993063e+00 1.570796326794896558e+00 1.570796326794896558e+00 1.570796326794896558e+00 1.570796326794896558e+00
4.564629952277044822e+00 -5.441806683935914712e-01 4.823203658630918156e+00 -1.337736746964248269e+00 1.570796326794896558e+00 1.570796326794896558e+00 1.570796326794896558e+00 1.570796326794896558e+00
4.564629952277044822e+00 -5.441806683935914712e-01 4.823203658630918156e+00 -1.249971503653207527e+00 1.570796326794896558e+00 1.570796326794896558e+00 1.570796326794896558e+00 1.570796326794896558e+00
4.564629952277044822e+00 -5.441806683935914712e-01 4.823203658630918156e+00 -1.293302541461723187e+00 1.570796326794896558e+00 1.570796326794896558e+00 1.570796326794896558e+00 1.570796326794896558e+00
4.564629952277044822e+00 -5.441806683935914712e-01 4.823203658630918156e+00 -1.293302541461723187e+00 2.570796326794896558e+00 1.570796326794896558e+00 1.570796326794896558e+00 1.570796326794896558e+00
4.564629952277044822e+00 -5.441806683935914712e-01 4.823203658630918156e+00 -1.293302541461723187e+00 4.188830326794896308e+00 1.570796326794896558e+00 1.570796326794896558e+00 1.570796326794896558e+00
4.564629952277044822e+00 -5.441806683935914712e-01 4.823203658630918156e+00 -1.293302541461723187e+00 6.775636384924228039e+00 1.570796326794896558e+00 1.570796326794896558e+00 1.570796326794896558e+00
4.564629952277044822e+00 -5.441806683935914712e-01 4.823203658630918156e+00 -1.293302541461723187e+00 4.188830326794896308e+00 1.570796326794896558e+00 1.570796326794896558e+00 1.570796326794896558e+00
4.564629952277044822e+00 -5.441806683935914712e-01 4.823203658630918156e+00 -1.293302541461723187e+00 5.176902289594324635e+00 1.570796326794896558e+00 1.570796326794896558e+00 1.570796326794896558e+00
4.564629952277044822e+00 -5.441806683935914712e-01 4.823203658630918156e+00 -1.293302541461723187e+00 5.787564357051106612e+00 1.570796326794896558e+00 1.570796326794896558e+00 1.570796326794896558e+00
4.564629952277044822e+00 -5.441806683935914712e-01 4.823203658630918156e+00 -1.293302541461723187e+00 4.775998585787345263e+00 1.570796326794896558e+00 1.570796326794896558e+00 1.570796326794896558e+00
4.564629952277044822e+00 -5.441806683935914712e-01 4.823203658630918156e+00 -1.293302541461723187e+00 4.880117192877305499e+00 1.570796326794896558e+00 1.570796326794896558e+00 1.570796326794896558e+00
4.564629952277044822e+00 -5.441806683935914712e-01 4.823203658630918156e+00 -1.293302541461723187e+00 4.551720274573035852e+00 1.570796326794896558e+00 1.570796326794896558e+00 1.570796326794896558e+00
4.564629952277044822e+00 -5.441806683935914712e-01 4.823203658630918156e+00 -1.293302541461723187e+00 4.690331896366060960e+00 1.570796326794896558e+00 1.570796326794896558e+00 1.570796326794896558e+00
4.564629952277044822e+00 -5.441806683935914712e-01 4.823203658630918156e+00 -1.293302541461723187e+00 4.815768353663068879e+00 1.570796326794896558e+00 1.570796326794896558e+00 1.570796326794896558e+00
4.564629952277044822e+00 -5.441806683935914712e-01 4.823203658630918156e+00 -1.293302541461723187e+00 4.743276823095855299e+00 1.570796326794896558e+00 1.570796326794896558e+00 1.570796326794896558e+00
4.564629952277044822e+00 -5.441806683935914712e-01 4.823203658630918156e+00 -1.293302541461723187e+00 4.775998585787345263e+00 1.570796326794896558e+00 1.570796326794896558e+00 1.570796326794896558e+00
4.564629952277044822e+00 -5.441806683935914712e-01 4.823203658630918156e+00 -1.293302541461723187e+00 4.775998585787345263e+00 2.570796326794896558e+00 1.570796326794896558e+00 1.570796326794896558e+00
4.564629952277044822e+00 -5.441806683935914712e-01 4.823203658630918156e+00 -1.293302541461723187e+00 4.775998585787345263e+00 -4.723767320510341428e-02 1.570796326794896558e+00 1.570796326794896558e+00
4.564629952277044822e+00 -5.441806683935914712e-01 4.823203658630918156e+00 -1.293302541461723187e+00 4.775998585787345263e+00 1.570796326794896558e+00 1.570796326794896558e+00 1.570796326794896558e+00
4.564629952277044822e+00 -5.441806683935914712e-01 4.823203658630918156e+00 -1.293302541461723187e+00 4.775998585787345263e+00 9.527623519508965355e-01 1.570796326794896558e+00 1.570796326794896558e+00
4.564629952277044822e+00 -5.441806683935914712e-01 4.823203658630918156e+00 -1.293302541461723187e+00 4.775998585787345263e+00 1.952762326794896586e+00 1.570796326794896558e+00 1.570796326794896558e+00
4.564629952277044822e+00 -5.441806683935914712e-01 4.823203658630918156e+00 -1.293302541461723187e+00 4.775998585787345263e+00 1.729181378881355480e+00 1.570796326794896558e+00 1.570796326794896558e+00
4.564629952277044822e+00 -5.441806683935914712e-01 4.823203658630918156e+00 -1.293302541461723187e+00 4.775998585787345263e+00 1.756881658349890074e+00 1.570796326794896558e+00 1.570796326794896558e+00
4.564629952277044822e+00 -5.441806683935914712e-01 4.823203658630918156e+00 -1.293302541461723187e+00 4.775998585787345263e+00 1.831701413753155538e+00 1.570796326794896558e+00 1.570796326794896558e+00
4.564629952277044822e+00 -5.441806683935914712e-01 4.823203658630918156e+00 -1.293302541461723187e+00 4.775998585787345263e+00 1.778478305705974982e+00 1.570796326794896558e+00 1.570796326794896558e+00
4.564629952277044822e+00 -5.441806683935914712e-01 4.823203658630918156e+00 -1.293302541461723187e+00 4.775998585787345263e+00 1.755020805024340103e+00 1.570796326794896558e+00 1.570796326794896558e+00
4.564629952277044822e+00 -5.441806683935914712e-01 4.823203658630918156e+00 -1.293302541461723187e+00 4.775998585787345263e+00 1.765130843353904355e+00 1.570796326794896558e+00 1.570796326794896558e+00
4.564629952277044822e+00 -5.441806683935914712e-01 4.823203658630918156e+00 -1.293302541461723187e+00 4.775998585787345263e+00 1.760032566549133426e+00 1.570796326794896558e+00 1.570796326794896558e+00
4.564629952277044822e+00 -5.441806683935914712e-01 4.823203658630918156e+00 -1.293302541461723187e+00 4.775998585787345263e+00 1.761924928956675629e+00 1.570796326794896558e+00 1.570796326794896558e+00
4.564629952277044822e+00 -5.441806683935914712e-01 4.823203658630918156e+00 -1.293302541461723187e+00 4.775998585787345263e+00 1.760032566549133426e+00 1.570796326794896558e+00 1.570796326794896558e+00
4.564629952277044822e+00 -5.441806683935914712e-01 4.823203658630918156e+00 -1.293302541461723187e+00 4.775998585787345263e+00 1.760032566549133426e+00 2.570796326794896558e+00 1.570796326794896558e+00
4.564629952277044822e+00 -5.441806683935914712e-01 4.823203658630918156e+00 -1.293302541461723187e+00 4.775998585787345263e+00 1.760032566549133426e+00 -4.723767320510341428e-02 1.570796326794896558e+00
4.564629952277044822e+00 -5.441806683935914712e-01 4.823203658630918156e+00 -1.293302541461723187e+00 4.775998585787345263e+00 1.760032566549133426e+00 1.570796326794896558e+00 1.570796326794896558e+00
4.564629952277044822e+00 -5.441806683935914712e-01 4.823203658630918156e+00 -1.293302541461723187e+00 4.775998585787345263e+00 1.760032566549133426e+00 9.527623519508965355e-01 1.570796326794896558e+00
4.564629952277044822e+00 -5.441806683935914712e-01 4.823203658630918156e+00 -1.293302541461723187e+00 4.775998585787345263e+00 1.760032566549133426e+00 1.952762326794896586e+00 1.570796326794896558e+00
4.564629952277044822e+00 -5.441806683935914712e-01 4.823203658630918156e+00 -1.293302541461723187e+00 4.775998585787345263e+00 1.760032566549133426e+00 1.507060727713906756e+00 1.570796326794896558e+00
4.564629952277044822e+00 -5.441806683935914712e-01 4.823203658630918156e+00 -1.293302541461723187e+00 4.775998585787345263e+00 1.760032566549133426e+00 1.727212309698166637e+00 1.570796326794896558e+00
4.564629952277044822e+00 -5.441806683935914712e-01 4.823203658630918156e+00 -1.293302541461723187e+00 4.775998585787345263e+00 1.760032566549133426e+00 1.630541914120527069e+00 1.570796326794896558e+00
4.564629952277044822e+00 -5.441806683935914712e-01 4.823203658630918156e+00 -1.293302541461723187e+00 4.775998585787345263e+00 1.760032566549133426e+00 1.546451494956327277e+00 1.570796326794896558e+00
4.564629952277044822e+00 -5.441806683935914712e-01 4.823203658630918156e+00 -1.293302541461723187e+00 4.775998585787345263e+00 1.760032566549133426e+00 1.579586950001539591e+00 1.570796326794896558e+00
4.564629952277044822e+00 -5.441806683935914712e-01 4.823203658630918156e+00 -1.293302541461723187e+00 4.775998585787345263e+00 1.760032566549133426e+00 1.562853913432557196e+00 1.570796326794896558e+00
4.564629952277044822e+00 -5.441806683935914712e-01 4.823203658630918156e+00 -1.293302541461723187e+00 4.775998585787345263e+00 1.760032566549133426e+00 1.574154045978645167e+00 1.570796326794896558e+00
4.564629952277044822e+00 -5.441806683935914712e-01 4.823203658630918156e+00 -1.293302541461723187e+00 4.775998585787345263e+00 1.760032566549133426e+00 1.567762594932537334e+00 1.570796326794896558e+00
4.564629952277044822e+00 -5.441806683935914712e-01 4.823203658630918156e+00 -1.293302541461723187e+00 4.775998585787345263e+00 1.760032566549133426e+00 1.572078861360636237e+00 1.570796326794896558e+00
4.564629952277044822e+00 -5.441806683935914712e-01 4.823203658630918156e+00 -1.293302541461723187e+00 4.775998585787345263e+00 1.760032566549133426e+00 1.569637544370358517e+00 1.570796326794896558e+00
4.564629952277044822e+00 -5.441806683935914712e-01 4.823203658630918156e+00 -1.293302541461723187e+00 4.775998585787345263e+00 1.760032566549133426e+00 1.571286211392833865e+00 1.570796326794896558e+00
4.564629952277044822e+00 -5.441806683935914712e-01 4.823203658630918156e+00 -1.293302541461723187e+00 4.775998585787345263e+00 1.760032566549133426e+00 1.570353711307325595e+00 1.570796326794896558e+00
4.564629952277044822e+00 -5.441806683935914712e-01 4.823203658630918156e+00 -1.293302541461723187e+00 4.775998585787345263e+00 1.760032566549133426e+00 1.570983446055232324e+00 1.570796326794896558e+00
4.564629952277044822e+00 -5.441806683935914712e-01 4.823203658630918156e+00 -1.293302541461723187e+00 4.775998585787345263e+00 1.760032566549133426e+00 1.570627262727571027e+00 1.570796326794896558e+00
4.564629952277044822e+00 -5.441806683935914712e-01 4.823203658630918156e+00 -1.293302541461723187e+00 4.775998585787345263e+00 1.760032566549133426e+00 1.570867799990290026e+00 1.570796326794896558e+00
4.564629952277044822e+00 -5.441806683935914712e-01 4.823203658630918156e+00 -1.293302541461723187e+00 4.775998585787345263e+00 1.760032566549133426e+00 1.570731750069356503e+00 1.570796326794896558e+00
4.564629952277044822e+00 -5.441806683935914712e-01 4.823203658630918156e+00 -1.293302541461723187e+00 4.775998585787345263e+00 1.760032566549133426e+00 1.570823627125448096e+00 1.570796326794896558e+00
4.564629952277044822e+00 -5.441806683935914712e-01 4.823203658630918156e+00 -1.293302541461723187e+00 4.775998585787345263e+00 1.760032566549133426e+00 1.570771660681348880e+00 1.570796326794896558e+00
4.564629952277044822e+00 -5.441806683935914712e-01 4.823203658630918156e+00 -1.293302541461723187e+00 4.775998585787345263e+00 1.760032566549133426e+00 1.570806754592956045e+00 1.570796326794896558e+00
4.564629952277044822e+00 -5.441806683935914712e-01 4.823203658630918156e+00 -1.293302541461723187e+00 4.775998585787345263e+00 1.760032566549133426e+00 1.570786905178169324e+00 1.570796326794896558e+00
4.564629952277044822e+00 -5.441806683935914712e-01 4.823203658630918156e+00 -1.293302541461723187e+00 4.775998585787345263e+00 1.760032566549133426e+00 1.570781082298696729e+00 1.570796326794896558e+00
4.564629952277044822e+00 -5.441806683935914712e-01 4.823203658630918156e+00 -1.293302541461723187e+00 4.775998585787345263e+00 1.760032566549133426e+00 1.570790503915424186e+00 1.570796326794896558e+00
4.564629952277044822e+00 -5.441806683935914712e-01 4.823203658630918156e+00 -1.293302541461723187e+00 4.775998585787345263e+00 1.760032566549133426e+00 1.570784681036188735e+00 1.570796326794896558e+00
4.564629952277044822e+00 -5.441806683935914712e-01 4.823203658630918156e+00 -1.293302541461723187e+00 4.775998585787345263e+00 1.760032566549133426e+00 1.570788279773443596e+00 1.570796326794896558e+00
4.564629952277044822e+00 -5.441806683935914712e-01 4.823203658630918156e+00 -1.293302541461723187e+00 4.775998585787345263e+00 1.760032566549133426e+00 1.570786055631553380e+00 1.570796326794896558e+00
4.564629952277044822e+00 -5.441806683935914712e-01 4.823203658630918156e+00 -1.293302541461723187e+00 4.775998585787345263e+00 1.760032566549133426e+00 1.570785530582860412e+00 1.570796326794896558e+00
4.564629952277044822e+00 -5.441806683935914712e-01 4.823203658630918156e+00 -1.293302541461723187e+00 4.775998585787345263e+00 1.760032566549133426e+00 1.570786318155891870e+00 1.570796326794896558e+00
4.564629952277044822e+00 -5.441806683935914712e-01 4.823203658630918156e+00 -1.293302541461723187e+00 4.775998585787345263e+00 1.760032566549133426e+00 1.570785855080804261e+00 1.570796326794896558e+00
4.564629952277044822e+00 -5.441806683935914712e-01 4.823203658630918156e+00 -1.293302541461723187e+00 4.775998585787345263e+00 1.760032566549133426e+00 1.570786158353186801e+00 1.570796326794896558e+00
4.564629952277044822e+00 -5.441806683935914712e-01 4.823203658630918156e+00 -1.293302541461723187e+00 4.775998585787345263e+00 1.760032566549133426e+00 1.570786055631553380e+00 1.570796326794896558e+00
4.564629952277044822e+00 -5.441806683935914712e-01 4.823203658630918156e+00 -1.293302541461723187e+00 4.775998585787345263e+00 1.760032566549133426e+00 1.570786055631553380e+00 2.570796326794896558e+00
4.564629952277044822e+00 -5.441806683935914712e-01 4.823203658630918156e+00 -1.293302541461723187e+00 4.775998585787345263e+00 1.760032566549133426e+00 1.570786055631553380e+00 -4.723767320510341428e-02
4.564629952277044822e+00 -5.441806683935914712e-01 4.823203658630918156e+00 -1.293302541461723187e+00 4.775998585787345263e+00 1.760032566549133426e+00 1.570786055631553380e+00 1.570796326794896558e+00
4.564629952277044822e+00 -5.441806683935914712e-01 4.823203658630918156e+00 -1.293302541461723187e+00 4.775998585787345263e+00 1.760032566549133426e+00 1.570786055631553380e+00 9.527623519508965355e-01
4.564629952277044822e+00 -5.441806683935914712e-01 4.823203658630918156e+00 -1.293302541461723187e+00 4.775998585787345263e+00 1.760032566549133426e+00 1.570786055631553380e+00 5.707963423421598126e-01
4.564629952277044822e+00 -5.441806683935914712e-01 4.823203658630918156e+00 -1.293302541461723187e+00 4.775998585787345263e+00 1.760032566549133426e+00 1.570786055631553380e+00 1.123474193430301415e+00
4.564629952277044822e+00 -5.441806683935914712e-01 4.823203658630918156e+00 -1.293302541461723187e+00 4.775998585787345263e+00 1.760032566549133426e+00 1.570786055631553380e+00 8.068643231246858116e-01
4.564629952277044822e+00 -5.441806683935914712e-01 4.823203658630918156e+00 -1.293302541461723187e+00 4.775998585787345263e+00 1.760032566549133426e+00 1.570786055631553380e+00 1.017968471193418933e+00
4.564629952277044822e+00 -5.441806683935914712e-01 4.823203658630918156e+00 -1.293302541461723187e+00 4.775998585787345263e+00 1.760032566549133426e+00 1.570786055631553380e+00 8.970342654722641695e-01
4.564629952277044822e+00 -5.441806683935914712e-01 4.823203658630918156e+00 -1.293302541461723187e+00 4.775998585787345263e+00 1.760032566549133426e+00 1.570786055631553380e+00 9.776688724934858854e-01
4.564629952277044822e+00 -5.441806683935914712e-01 4.823203658630918156e+00 -1.293302541461723187e+00 4.775998585787345263e+00 1.760032566549133426e+00 1.570786055631553380e+00 9.314761176709992485e-01
4.564629952277044822e+00 -5.441806683935914712e-01 4.823203658630918156e+00 -1.293302541461723187e+00 4.775998585787345263e+00 1.760032566549133426e+00 1.570786055631553380e+00 9.465820121924565234e-01
4.564629952277044822e+00 -5.441806683935914712e-01 4.823203658630918156e+00 -1.293302541461723187e+00 4.775998585787345263e+00 1.760032566549133426e+00 1.570786055631553380e+00 9.589426917093365477e-01
4.564629952277044822e+00 -5.441806683935914712e-01 4.823203658630918156e+00 -1.293302541461723187e+00 4.775998585787345263e+00 1.760032566549133426e+00 1.570786055631553380e+00 9.660954560787349266e-01
