1.570796326794896558e+00 1.570796326794896558e+00 1.570796326794896558e+00 1.570796326794896558e+00 1.570796326794896558e+00 1.570796326794896558e+00 1.570796326794896558e+00 1.570796326794896558e+00
1.570796326794896558e+00 1.570796326794896558e+00 1.570796326794896558e+00 1.570796326794896558e+00 1.570796326794896558e+00 1.570796326794896558e+00 1.570796326794896558e+00 1.570796326794896558e+00
2.570796326794896558e+00 1.570796326794896558e+00 1.570796326794896558e+00 1.570796326794896558e+00 1.570796326794896558e+00 1.570796326794896558e+00 1.570796326794896558e+00 1.570796326794896558e+00
4.188830326794896308e+00 1.570796326794896558e+00 1.570796326794896558e+00 1.570796326794896558e+00 1.570796326794896558e+00 1.570796326794896558e+00 1.570796326794896558e+00 1.570796326794896558e+00
6.806864351950896008e+00 1.570796326794896558e+00 1.570796326794896558e+00 1.570796326794896558e+00 1.570796326794896558e+00 1.570796326794896558e+00 1.570796326794896558e+00 1.570796326794896558e+00
4.188830326794896308e+00 1.570796326794896558e+00 1.570796326794896558e+00 1.570796326794896558e+00 1.570796326794896558e+00 1.570796326794896558e+00 1.570796326794896558e+00 1.570796326794896558e+00
5.188830311247633276e+00 1.570796326794896558e+00 1.570796326794896558e+00 1.570796326794896558e+00 1.570796326794896558e+00 1.570796326794896558e+00 1.570796326794896558e+00 1.570796326794896558e+00
5.806864301638895220e+00 1.570796326794896558e+00 1.570796326794896558e+00 1.570796326794896558e+00 1.570796326794896558e+00 1.570796326794896558e+00 1.570796326794896558e+00 1.570796326794896558e+00
4.908764494124433497e+00 1.570796326794896558e+00 1.570796326794896558e+00 1.570796326794896558e+00 1.570796326794896558e+00 1.570796326794896558e+00 1.570796326794896558e+00 1.570796326794896558e+00
4.814817057510305531e+00 1.570796326794896558e+00 1.570796326794896558e+00 1.570796326794896558e+00 1.570796326794896558e+00 1.570796326794896558e+00 1.570796326794896558e+00 1.570796326794896558e+00
4.575711409925863116e+00 1.570796326794896558e+00 1.570796326794896558e+00 1.570796326794896558e+00 1.570796326794896558e+00 1.570796326794896558e+00 1.570796326794896558e+00 1.570796326794896558e+00
4.605760560767173217e+00 1.570796326794896558e+00 1.570796326794896558e+00 1.570796326794896558e+00 1.570796326794896558e+00 1.570796326794896558e+00 1.570796326794896558e+00 1.570796326794896558e+00
4.427935990126660393e+00 1.570796326794896558e+00 1.570796326794896558e+00 1.570796326794896558e+00 1.570796326794896558e+00 1.570796326794896558e+00 1.570796326794896558e+00 1.570796326794896558e+00
4.519266223926840631e+00 1.570796326794896558e+00 1.570796326794896558e+00 1.570796326794896558e+00 1.570796326794896558e+00 1.570796326794896558e+00 1.570796326794896558e+00 1.570796326794896558e+00
4.575711409925863116e+00 1.570796326794896558e+00 1.570796326794896558e+00 1.570796326794896558e+00 1.570796326794896558e+00 1.570796326794896558e+00 1.570796326794896558e+00 1.570796326794896558e+00
4.575711409925863116e+00 2.570796326794896558e+00 1.570796326794896558e+00 1.570796326794896558e+00 1.570796326794896558e+00 1.570796326794896558e+00 1.570796326794896558e+00 1.570796326794896558e+00
4.575711409925863116e+00 4.188830326794896308e+00 1.570796326794896558e+00 1.570796326794896558e+00 1.570796326794896558e+00 1.570796326794896558e+00 1.570796326794896558e+00 1.570796326794896558e+00
4.575711409925863116e+00 6.806864351950896008e+00 1.570796326794896558e+00 1.570796326794896558e+00 1.570796326794896558e+00 1.570796326794896558e+00 1.570796326794896558e+00 1.570796326794896558e+00
4.575711409925863116e+00 4.188830326794896308e+00 1.570796326794896558e+00 1.570796326794896558e+00 1.570796326794896558e+00 1.570796326794896558e+00 1.570796326794896558e+00 1.570796326794896558e+00
4.575711409925863116e+00 5.188830311247633276e+00 1.570796326794896558e+00 1.570796326794896558e+00 1.570796326794896558e+00 1.570796326794896558e+00 1.570796326794896558e+00 1.570796326794896558e+00
4.575711409925863116e+00 5.806864301638895220e+00 1.570796326794896558e+00 1.570796326794896558e+00 1.570796326794896558e+00 1.570796326794896558e+00 1.570796326794896558e+00 1.570796326794896558e+00
4.575711409925863116e+00 4.776121979178046040e+00 1.570796326794896558e+00 1.570796326794896558e+00 1.570796326794896558e+00 1.570796326794896558e+00 1.570796326794896558e+00 1.570796326794896558e+00
4.575711409925863116e+00 4.855963642067963271e+00 1.570796326794896558e+00 1.570796326794896558e+00 1.570796326794896558e+00 1.570796326794896558e+00 1.570796326794896558e+00 1.570796326794896558e+00
4.575711409925863116e+00 4.551796535883863903e+00 1.570796326794896558e+00 1.570796326794896558e+00 1.570796326794896558e+00 1.570796326794896558e+00 1.570796326794896558e+00 1.570796326794896558e+00
4.575711409925863116e+00 4.690437286904741043e+00 1.570796326794896558e+00 1.570796326794896558e+00 1.570796326794896558e+00 1.570796326794896558e+00 1.570796326794896558e+00 1.570796326794896558e+00
4.575711409925863116e+00 4.743393340009181003e+00 1.570796326794896558e+00 1.570796326794896558e+00 1.570796326794896558e+00 1.570796326794896558e+00 1.570796326794896558e+00 1.570796326794896558e+00
4.575711409925863116e+00 4.743393340009181003e+00 1.570796326794896558e+00 1.570796326794896558e+00 1.570796326794896558e+00 1.570796326794896558e+00 1.570796326794896558e+00 1.570796326794896558e+00
4.575711409925863116e+00 4.743393340009181003e+00 2.570796326794896558e+00 1.570796326794896558e+00 1.570796326794896558e+00 1.570796326794896558e+00 1.570796326794896558e+00 1.570796326794896558e+00
4.575711409925863116e+00 4.743393340009181003e+00 4.188830326794896308e+00 1.570796326794896558e+00 1.570796326794896558e+00 1.570796326794896558e+00 1.570796326794896558e+00 1.570796326794896558e+00
4.575711409925863116e+00 4.743393340009181003e+00 6.806864351950896008e+00 1.570796326794896558e+00 1.570796326794896558e+00 1.570796326794896558e+00 1.570796326794896558e+00 1.570796326794896558e+00
4.575711409925863116e+00 4.743393340009181003e+00 4.188830326794896308e+00 1.570796326794896558e+00 1.570796326794896558e+00 1.570796326794896558e+00 1.570796326794896558e+00 1.570796326794896558e+00
4.575711409925863116e+00 4.743393340009181003e+00 5.188830311247633276e+00 1.570796326794896558e+00 1.570796326794896558e+00 1.570796326794896558e+00 1.570796326794896558e+00 1.570796326794896558e+00
4.575711409925863116e+00 4.743393340009181003e+00 3.570796351950896508e+00 1.570796326794896558e+00 1.570796326794896558e+00 1.570796326794896558e+00 1.570796326794896558e+00 1.570796326794896558e+00
4.575711409925863116e+00 4.743393340009181003e+00 4.686204350215244396e+00 1.570796326794896558e+00 1.570796326794896558e+00 1.570796326794896558e+00 1.570796326794896558e+00 1.570796326794896558e+00
4.575711409925863116e+00 4.743393340009181003e+00 3.952762361559633231e+00 1.570796326794896558e+00 1.570796326794896558e+00 1.570796326794896558e+00 1.570796326794896558e+00 1.570796326794896558e+00
4.575711409925863116e+00 4.743393340009181003e+00 4.378810293024672617e+00 1.570796326794896558e+00 1.570796326794896558e+00 1.570796326794896558e+00 1.570796326794896558e+00 1.570796326794896558e+00
4.575711409925863116e+00 4.743393340009181003e+00 4.098660390385843399e+00 1.570796326794896558e+00 1.570796326794896558e+00 1.570796326794896558e+00 1.570796326794896558e+00 1.570796326794896558e+00
4.575711409925863116e+00 4.743393340009181003e+00 4.261396214575819741e+00 1.570796326794896558e+00 1.570796326794896558e+00 1.570796326794896558e+00 1.570796326794896558e+00 1.570796326794896558e+00
4.575711409925863116e+00 4.743393340009181003e+00 4.154388476864475876e+00 1.570796326794896558e+00 1.570796326794896558e+00 1.570796326794896558e+00 1.570796326794896558e+00 1.570796326794896558e+00
4.575711409925863116e+00 4.743393340009181003e+00 4.216548028687023830e+00 1.570796326794896558e+00 1.570796326794896558e+00 1.570796326794896558e+00 1.570796326794896558e+00 1.570796326794896558e+00
4.575711409925863116e+00 4.743393340009181003e+00 4.188830326794896308e+00 1.570796326794896558e+00 1.570796326794896558e+00 1.570796326794896558e+00 1.570796326794896558e+00 1.570796326794896558e+00
4.575711409925863116e+00 4.743393340009181003e+00 4.188830326794896308e+00 2.570796326794896558e+00 1.570796326794896558e+00 1.570796326794896558e+00 1.570796326794896558e+00 1.570796326794896558e+00
4.575711409925863116e+00 4.743393340009181003e+00 4.188830326794896308e+00 4.188830326794896308e+00 1.570796326794896558e+00 1.570796326794896558e+00 1.570796326794896558e+00 1.570796326794896558e+00
4.575711409925863116e+00 4.743393340009181003e+00 4.188830326794896308e+00 6.806864351950896008e+00 1.570796326794896558e+00 1.570796326794896558e+00 1.570796326794896558e+00 1.570796326794896558e+00
4.575711409925863116e+00 4.743393340009181003e+00 4.188830326794896308e+00 4.188830326794896308e+00 1.570796326794896558e+00 1.570796326794896558e+00 1.570796326794896558e+00 1.570796326794896558e+00
4.575711409925863116e+00 4.743393340009181003e+00 4.188830326794896308e+00 5.188830311247633276e+00 1.570796326794896558e+00 1.570796326794896558e+00 1.570796326794896558e+00 1.570796326794896558e+00
4.575711409925863116e+00 4.743393340009181003e+00 4.188830326794896308e+00 5.806864301638895220e+00 1.570796326794896558e+00 1.570796326794896558e+00 1.570796326794896558e+00 1.570796326794896558e+00
4.575711409925863116e+00 4.743393340009181003e+00 4.188830326794896308e+00 4.770119864191883607e+00 1.570796326794896558e+00 1.570796326794896558e+00 1.570796326794896558e+00 1.570796326794896558e+00
4.575711409925863116e+00 4.743393340009181003e+00 4.188830326794896308e+00 4.738126628807913576e+00 1.570796326794896558e+00 1.570796326794896558e+00 1.570796326794896558e+00 1.570796326794896558e+00
4.575711409925863116e+00 4.743393340009181003e+00 4.188830326794896308e+00 4.688374610066610160e+00 1.570796326794896558e+00 1.570796326794896558e+00 1.570796326794896558e+00 1.570796326794896558e+00
4.575711409925863116e+00 4.743393340009181003e+00 4.188830326794896308e+00 4.738126628807913576e+00 1.570796326794896558e+00 1.570796326794896558e+00 1.570796326794896558e+00 1.570796326794896558e+00
4.575711409925863116e+00 4.743393340009181003e+00 4.188830326794896308e+00 4.738126628807913576e+00 2.570796326794896558e+00 1.570796326794896558e+00 1.570796326794896558e+00 1.570796326794896558e+00
4.575711409925863116e+00 4.743393340009181003e+00 4.188830326794896308e+00 4.738126628807913576e+00 4.188830326794896308e+00 1.570796326794896558e+00 1.570796326794896558e+00 1.570796326794896558e+00
4.575711409925863116e+00 4.743393340009181003e+00 4.188830326794896308e+00 4.738126628807913576e+00 6.806864351950896008e+00 1.570796326794896558e+00 1.570796326794896558e+00 1.570796326794896558e+00
4.575711409925863116e+00 4.743393340009181003e+00 4.188830326794896308e+00 4.738126628807913576e+00 4.188830326794896308e+00 1.570796326794896558e+00 1.570796326794896558e+00 1.570796326794896558e+00
4.575711409925863116e+00 4.743393340009181003e+00 4.188830326794896308e+00 4.738126628807913576e+00 5.188830311247633276e+00 1.570796326794896558e+00 1.570796326794896558e+00 1.570796326794896558e+00
4.575711409925863116e+00 4.743393340009181003e+00 4.188830326794896308e+00 4.738126628807913576e+00 5.806864301638895220e+00 1.570796326794896558e+00 1.570796326794896558e+00 1.570796326794896558e+00
4.575711409925863116e+00 4.743393340009181003e+00 4.188830326794896308e+00 4.738126628807913576e+00 4.721782311229414830e+00 1.570796326794896558e+00 1.570796326794896558e+00 1.570796326794896558e+00
4.575711409925863116e+00 4.743393340009181003e+00 4.188830326794896308e+00 4.738126628807913576e+00 5.424898282421422024e+00 1.570796326794896558e+00 1.570796326794896558e+00 1.570796326794896558e+00
4.575711409925863116e+00 4.743393340009181003e+00 4.188830326794896308e+00 4.738126628807913576e+00 5.010433854872674786e+00 1.570796326794896558e+00 1.570796326794896558e+00 1.570796326794896558e+00
4.575711409925863116e+00 4.743393340009181003e+00 4.188830326794896308e+00 4.738126628807913576e+00 5.279000249924999721e+00 1.570796326794896558e+00 1.570796326794896558e+00 1.570796326794896558e+00
4.575711409925863116e+00 4.743393340009181003e+00 4.188830326794896308e+00 4.738126628807913576e+00 5.120688930391915861e+00 1.570796326794896558e+00 1.570796326794896558e+00 1.570796326794896558e+00
4.575711409925863116e+00 4.743393340009181003e+00 4.188830326794896308e+00 4.738126628807913576e+00 5.225010651102159898e+00 1.570796326794896558e+00 1.570796326794896558e+00 1.570796326794896558e+00
4.575711409925863116e+00 4.743393340009181003e+00 4.188830326794896308e+00 4.738126628807913576e+00 5.188830311247633276e+00 1.570796326794896558e+00 1.570796326794896558e+00 1.570796326794896558e+00
4.575711409925863116e+00 4.743393340009181003e+00 4.188830326794896308e+00 4.738126628807913576e+00 5.188830311247633276e+00 2.570796326794896558e+00 1.570796326794896558e+00 1.570796326794896558e+00
4.575711409925863116e+00 4.743393340009181003e+00 4.188830326794896308e+00 4.738126628807913576e+00 5.188830311247633276e+00 -4.723767320510341428e-02 1.570796326794896558e+00 1.570796326794896558e+00
4.575711409925863116e+00 4.743393340009181003e+00 4.188830326794896308e+00 4.738126628807913576e+00 5.188830311247633276e+00 1.570796326794896558e+00 1.570796326794896558e+00 1.570796326794896558e+00
4.575711409925863116e+00 4.743393340009181003e+00 4.188830326794896308e+00 4.738126628807913576e+00 5.188830311247633276e+00 9.527623519508965355e-01 1.570796326794896558e+00 1.570796326794896558e+00
4.575711409925863116e+00 4.743393340009181003e+00 4.188830326794896308e+00 4.738126628807913576e+00 5.188830311247633276e+00 1.952762326794896586e+00 1.570796326794896558e+00 1.570796326794896558e+00
4.575711409925863116e+00 4.743393340009181003e+00 4.188830326794896308e+00 4.738126628807913576e+00 5.188830311247633276e+00 1.680091368225175685e+00 1.570796326794896558e+00 1.570796326794896558e+00
4.575711409925863116e+00 4.743393340009181003e+00 4.188830326794896308e+00 4.738126628807913576e+00 5.188830311247633276e+00 1.726394264879106411e+00 1.570796326794896558e+00 1.570796326794896558e+00
4.575711409925863116e+00 4.743393340009181003e+00 4.188830326794896308e+00 4.738126628807913576e+00 5.188830311247633276e+00 1.812859168016833111e+00 1.570796326794896558e+00 1.570796326794896558e+00
4.575711409925863116e+00 4.743393340009181003e+00 4.188830326794896308e+00 4.738126628807913576e+00 5.188830311247633276e+00 1.775125882774732045e+00 1.570796326794896558e+00 1.570796326794896558e+00
4.575711409925863116e+00 4.743393340009181003e+00 4.188830326794896308e+00 4.738126628807913576e+00 5.188830311247633276e+00 1.866297417962655025e+00 1.570796326794896558e+00 1.570796326794896558e+00
4.575711409925863116e+00 4.743393340009181003e+00 4.188830326794896308e+00 4.738126628807913576e+00 5.188830311247633276e+00 1.833270762595638814e+00 1.570796326794896558e+00 1.570796326794896558e+00
4.575711409925863116e+00 4.743393340009181003e+00 4.188830326794896308e+00 4.738126628807913576e+00 5.188830311247633276e+00 1.798446335986048750e+00 1.570796326794896558e+00 1.570796326794896558e+00
4.575711409925863116e+00 4.743393340009181003e+00 4.188830326794896308e+00 4.738126628807913576e+00 5.188830311247633276e+00 1.820655703151721205e+00 1.570796326794896558e+00 1.570796326794896558e+00
4.575711409925863116e+00 4.743393340009181003e+00 4.188830326794896308e+00 4.738126628807913576e+00 5.188830311247633276e+00 1.807353956217362612e+00 1.570796326794896558e+00 1.570796326794896558e+00
4.575711409925863116e+00 4.743393340009181003e+00 4.188830326794896308e+00 4.738126628807913576e+00 5.188830311247633276e+00 1.815837179356165842e+00 1.570796326794896558e+00 1.570796326794896558e+00
4.575711409925863116e+00 4.743393340009181003e+00 4.188830326794896308e+00 4.738126628807913576e+00 5.188830311247633276e+00 1.810438539594613649e+00 1.570796326794896558e+00 1.570796326794896558e+00
4.575711409925863116e+00 4.743393340009181003e+00 4.188830326794896308e+00 4.738126628807913576e+00 5.188830311247633276e+00 1.812859168016833111e+00 1.570796326794896558e+00 1.570796326794896558e+00
4.575711409925863116e+00 4.743393340009181003e+00 4.188830326794896308e+00 4.738126628807913576e+00 5.188830311247633276e+00 1.812859168016833111e+00 2.570796326794896558e+00 1.570796326794896558e+00
4.575711409925863116e+00 4.743393340009181003e+00 4.188830326794896308e+00 4.738126628807913576e+00 5.188830311247633276e+00 1.812859168016833111e+00 -4.723767320510341428e-02 1.570796326794896558e+00
4.575711409925863116e+00 4.743393340009181003e+00 4.188830326794896308e+00 4.738126628807913576e+00 5.188830311247633276e+00 1.812859168016833111e+00 1.570796326794896558e+00 1.570796326794896558e+00
4.575711409925863116e+00 4.743393340009181003e+00 4.188830326794896308e+00 4.738126628807913576e+00 5.188830311247633276e+00 1.812859168016833111e+00 9.527623519508965355e-01 1.570796326794896558e+00
4.575711409925863116e+00 4.743393340009181003e+00 4.188830326794896308e+00 4.738126628807913576e+00 5.188830311247633276e+00 1.812859168016833111e+00 1.952762326794896586e+00 1.570796326794896558e+00
4.575711409925863116e+00 4.743393340009181003e+00 4.188830326794896308e+00 4.738126628807913576e+00 5.188830311247633276e+00 1.812859168016833111e+00 1.580080520590070536e+00 1.570796326794896558e+00
4.575711409925863116e+00 4.743393340009181003e+00 4.188830326794896308e+00 4.738126628807913576e+00 5.188830311247633276e+00 1.812859168016833111e+00 1.757787558505927050e+00 1.570796326794896558e+00
4.575711409925863116e+00 4.743393340009181003e+00 4.188830326794896308e+00 4.738126628807913576e+00 5.188830311247633276e+00 1.812859168016833111e+00 1.647958567034638611e+00 1.570796326794896558e+00
4.575711409925863116e+00 4.743393340009181003e+00 4.188830326794896308e+00 4.738126628807913576e+00 5.188830311247633276e+00 1.812859168016833111e+00 1.606007626478316519e+00 1.570796326794896558e+00
4.575711409925863116e+00 4.743393340009181003e+00 4.188830326794896308e+00 4.738126628807913576e+00 5.188830311247633276e+00 1.812859168016833111e+00 1.589983793517780297e+00 1.570796326794896558e+00
4.575711409925863116e+00 4.743393340009181003e+00 4.188830326794896308e+00 4.738126628807913576e+00 5.188830311247633276e+00 1.812859168016833111e+00 1.583796995567939625e+00 1.570796326794896558e+00
4.575711409925863116e+00 4.743393340009181003e+00 4.188830326794896308e+00 4.738126628807913576e+00 5.188830311247633276e+00 1.812859168016833111e+00 1.584957623365984558e+00 1.570796326794896558e+00
4.575711409925863116e+00 4.743393340009181003e+00 4.188830326794896308e+00 4.738126628807913576e+00 5.188830311247633276e+00 1.812859168016833111e+00 1.582377428486542836e+00 1.570796326794896558e+00
4.575711409925863116e+00 4.743393340009181003e+00 4.188830326794896308e+00 4.738126628807913576e+00 5.188830311247633276e+00 1.812859168016833111e+00 1.583254769208126911e+00 1.570796326794896558e+00
4.575711409925863116e+00 4.743393340009181003e+00 4.188830326794896308e+00 4.738126628807913576e+00 5.188830311247633276e+00 1.812859168016833111e+00 1.584240315925447673e+00 1.570796326794896558e+00
4.575711409925863116e+00 4.743393340009181003e+00 4.188830326794896308e+00 4.738126628807913576e+00 5.188830311247633276e+00 1.812859168016833111e+00 1.583589883534187503e+00 1.570796326794896558e+00
4.575711409925863116e+00 4.743393340009181003e+00 4.188830326794896308e+00 4.738126628807913576e+00 5.188830311247633276e+00 1.812859168016833111e+00 1.583966328871615481e+00 1.570796326794896558e+00
4.575711409925863116e+00 4.743393340009181003e+00 4.188830326794896308e+00 4.738126628807913576e+00 5.188830311247633276e+00 1.812859168016833111e+00 1.583796995567939625e+00 1.570796326794896558e+00
4.575711409925863116e+00 4.743393340009181003e+00 4.188830326794896308e+00 4.738126628807913576e+00 5.188830311247633276e+00 1.812859168016833111e+00 1.583796995567939625e+00 2.570796326794896558e+00
4.575711409925863116e+00 4.743393340009181003e+00 4.188830326794896308e+00 4.738126628807913576e+00 5.188830311247633276e+00 1.812859168016833111e+00 1.583796995567939625e+00 -4.723767320510341428e-02
4.575711409925863116e+00 4.743393340009181003e+00 4.188830326794896308e+00 4.738126628807913576e+00 5.188830311247633276e+00 1.812859168016833111e+00 1.583796995567939625e+00 1.570796326794896558e+00
4.575711409925863116e+00 4.743393340009181003e+00 4.188830326794896308e+00 4.738126628807913576e+00 5.188830311247633276e+00 1.812859168016833111e+00 1.583796995567939625e+00 9.527623519508965355e-01
4.575711409925863116e+00 4.743393340009181003e+00 4.188830326794896308e+00 4.738126628807913576e+00 5.188830311247633276e+00 1.812859168016833111e+00 1.583796995567939625e+00 5.707963423421598126e-01
4.575711409925863116e+00 4.743393340009181003e+00 4.188830326794896308e+00 4.738126628807913576e+00 5.188830311247633276e+00 1.812859168016833111e+00 1.583796995567939625e+00 1.188297214396057733e+00
4.575711409925863116e+00 4.743393340009181003e+00 4.188830326794896308e+00 4.738126628807913576e+00 5.188830311247633276e+00 1.812859168016833111e+00 1.583796995567939625e+00 1.231964238803921585e+00
4.575711409925863116e+00 4.743393340009181003e+00 4.188830326794896308e+00 4.738126628807913576e+00 5.188830311247633276e+00 1.812859168016833111e+00 1.583796995567939625e+00 1.361386576125482417e+00
4.575711409925863116e+00 4.743393340009181003e+00 4.188830326794896308e+00 4.738126628807913576e+00 5.188830311247633276e+00 1.812859168016833111e+00 1.583796995567939625e+00 1.268595089281722377e+00
4.575711409925863116e+00 4.743393340009181003e+00 4.188830326794896308e+00 4.738126628807913576e+00 5.188830311247633276e+00 1.812859168016833111e+00 1.583796995567939625e+00 1.241832286501536098e+00
4.575711409925863116e+00 4.743393340009181003e+00 4.188830326794896308e+00 4.738126628807913576e+00 5.188830311247633276e+00 1.812859168016833111e+00 1.583796995567939625e+00 1.247183065590730777e+00
4.575711409925863116e+00 4.743393340009181003e+00 4.188830326794896308e+00 4.738126628807913576e+00 5.188830311247633276e+00 1.812859168016833111e+00 1.583796995567939625e+00 1.238063027794669146e+00
