4.871000000000000441e+00 -1.167000000000000037e+00 4.780999999999999694e+00 4.706000000000000405e+00 4.785999999999999588e+00 1.570000000000000062e+00 1.570999999999999952e+00 1.026000000000000023e+00
5.114550000000000374e+00 -1.167000000000000037e+00 4.780999999999999694e+00 4.706000000000000405e+00 4.785999999999999588e+00 1.570000000000000062e+00 1.570999999999999952e+00 1.026000000000000023e+00
4.871000000000000441e+00 -1.225350000000000161e+00 4.780999999999999694e+00 4.706000000000000405e+00 4.785999999999999588e+00 1.570000000000000062e+00 1.570999999999999952e+00 1.026000000000000023e+00
4.871000000000000441e+00 -1.167000000000000037e+00 5.020049999999999457e+00 4.706000000000000405e+00 4.785999999999999588e+00 1.570000000000000062e+00 1.570999999999999952e+00 1.026000000000000023e+00
4.871000000000000441e+00 -1.167000000000000037e+00 4.780999999999999694e+00 4.941300000000000914e+00 4.785999999999999588e+00 1.570000000000000062e+00 1.570999999999999952e+00 1.026000000000000023e+00
4.871000000000000441e+00 -1.167000000000000037e+00 4.780999999999999694e+00 4.706000000000000405e+00 5.025299999999999656e+00 1.570000000000000062e+00 1.570999999999999952e+00 1.026000000000000023e+00
4.871000000000000441e+00 -1.167000000000000037e+00 4.780999999999999694e+00 4.706000000000000405e+00 4.785999999999999588e+00 1.648500000000000076e+00 1.570999999999999952e+00 1.026000000000000023e+00
4.871000000000000441e+00 -1.167000000000000037e+00 4.780999999999999694e+00 4.706000000000000405e+00 4.785999999999999588e+00 1.570000000000000062e+00 1.649550000000000072e+00 1.026000000000000023e+00
4.871000000000000441e+00 -1.167000000000000037e+00 4.780999999999999694e+00 4.706000000000000405e+00 4.785999999999999588e+00 1.570000000000000062e+00 1.570999999999999952e+00 1.077300000000000146e+00
4.627450000000002284e+00 -1.181587499999999791e+00 4.840762499999999413e+00 4.764825000000000976e+00 4.845825000000001381e+00 1.589625000000000066e+00 1.590637499999999926e+00 1.038824999999999887e+00
4.810112500000002456e+00 -1.185234375000000062e+00 4.855703124999998899e+00 4.779531250000000675e+00 4.860781250000000497e+00 1.594531249999999956e+00 1.595546874999999920e+00 1.042031250000000187e+00
4.794890625000002515e+00 -1.189792968750000179e+00 4.575566406249999218e+00 4.797914062500001187e+00 4.879476562500000725e+00 1.600664062500000151e+00 1.601683593750000023e+00 1.046039062500000005e+00
4.756835937500003553e+00 -1.201189453125000473e+00 4.353324609374999099e+00 4.843871093750001577e+00 4.926214843750001293e+00 1.615996093750000195e+00 1.617025390625000281e+00 1.056058593749999996e+00
4.775863281250002146e+00 -1.122553710937499893e+00 4.763258007812498640e+00 4.820892578125001826e+00 4.902845703125001009e+00 1.608330078125000062e+00 1.609354492187500041e+00 1.051048828125000112e+00
4.847215820312500867e+00 -1.199650927734375205e+00 4.776564501953124875e+00 4.734723144531250760e+00 4.815211425781249943e+00 1.579582519531250062e+00 1.580588623046875085e+00 1.032262207031250156e+00
4.769917236328128141e+00 -1.189066442871093754e+00 4.762149133300780157e+00 4.828073364257813971e+00 4.611023559570314845e+00 1.610725708007812562e+00 1.611751647949218436e+00 1.052614379882812257e+00
4.719375854492191991e+00 -1.200099664306640612e+00 4.752723699951170389e+00 4.889110046386720754e+00 4.403885339355472439e+00 1.631088562011718590e+00 1.632127471923828121e+00 1.065921569824218373e+00
5.049084045410157096e+00 -1.176348678588867491e+00 4.682733291625974736e+00 4.785060455322265760e+00 4.731798199462891930e+00 1.596375885009765794e+00 1.597392684936523422e+00 1.043236724853515929e+00
4.850055056762696992e+00 -1.193273348236084219e+00 4.717929114532467771e+00 4.863650569152832226e+00 4.778072749328616808e+00 1.622594856262207008e+00 1.525440856170654058e+00 1.060370906066894436e+00
4.622213764190676422e+00 -1.188155837059021058e+00 4.824994778633116432e+00 4.804237642288208043e+00 4.843843187332154798e+00 1.602773714065551802e+00 1.559610214042663534e+00 1.047417726516723269e+00
4.942366475105286483e+00 -1.179300468206405883e+00 4.718298663377760604e+00 4.789854752063751775e+00 4.759809446430207203e+00 1.597975342273712407e+00 1.587947067213058450e+00 1.044281975269317764e+00
4.894248803377152512e+00 -1.177786663949489609e+00 4.617673829853532474e+00 4.812347723126412014e+00 4.689617185902598351e+00 1.605479372143746142e+00 1.559556072032451501e+00 1.049185882687568627e+00
4.873214727532864998e+00 -1.179648591712117334e+00 4.677181153640148636e+00 4.804143604844808735e+00 4.732408201926948443e+00 1.602742341607809262e+00 1.568553772774338384e+00 1.047397224515676406e+00
4.833914985260369335e+00 -1.199183186877519125e+00 4.666422243263569136e+00 4.910414874337614144e+00 4.751000486384334920e+00 1.638196207545698391e+00 1.583491390226036133e+00 1.006441438816487732e+00
4.824643731575461558e+00 -1.207228983596899008e+00 4.637777804079461497e+00 4.667393592922016943e+00 4.742250607980418309e+00 1.655245259432122973e+00 1.586614237782545400e+00 1.052851798520609838e+00
4.859410932893865720e+00 -1.177057245899224780e+00 4.745194451019864701e+00 4.872823398230504921e+00 4.775062651995104268e+00 1.591311314858030901e+00 1.574903559445636425e+00 1.032712949630152366e+00
4.782403930664065328e+00 -1.189429705810546967e+00 4.668857769775389244e+00 4.812993713378907579e+00 4.745250061035157785e+00 1.605694885253906357e+00 1.606717620849609229e+00 1.049326721191406131e+00
4.808566528320314504e+00 -1.194358685302734369e+00 4.769356817626952960e+00 4.781398254394532366e+00 4.713117492675782394e+00 1.595154113769531312e+00 1.596170135498046871e+00 1.042438293457031318e+00
4.820458618164064291e+00 -1.178033221435546896e+00 4.771574566650389926e+00 4.767036682128907188e+00 4.698511779785157216e+00 1.629612854003906319e+00 1.591375823974609194e+00 1.039307189941406140e+00
4.856141855716707312e+00 -1.184183455538749818e+00 4.740223898339269937e+00 4.808964058160782429e+00 4.685416503000261024e+00 1.604350525140762596e+00 1.599849357581138332e+00 1.048448177576065010e+00
4.821565981930496569e+00 -1.184357517291605433e+00 4.719665143470464841e+00 4.816108484551310909e+00 4.671715880748632088e+00 1.606734024807810801e+00 1.590152710361778521e+00 1.050005802199244442e+00
4.809986146545412566e+00 -1.191169895553588987e+00 4.740039123916623964e+00 4.845861966705323098e+00 4.694548154449465827e+00 1.616660282135009785e+00 1.568596252059936358e+00 1.056492642974853347e+00
4.801916110794248738e+00 -1.194124814874306439e+00 4.714285688282174647e+00 4.869244119297714057e+00 4.681012022977324882e+00 1.624460957776755476e+00 1.597621519087627284e+00 1.029527909349650105e+00
4.820458618164064291e+00 -1.178033221435546896e+00 4.771574566650389926e+00 4.884686682128907442e+00 4.698511779785157216e+00 1.590362854003906312e+00 1.591375823974609194e+00 1.039307189941406140e+00
4.752676437010991961e+00 -1.190459920604992394e+00 4.739151804079021701e+00 4.842386758550070169e+00 4.693006179756488372e+00 1.615500894798896692e+00 1.588591025857720496e+00 1.041306854658387238e+00
4.770029924567325885e+00 -1.191811459680483409e+00 4.764582224099964236e+00 4.841811900659234169e+00 4.712029376760080268e+00 1.615309112629620181e+00 1.597897251951065911e+00 1.037574493149993504e+00
4.808681967589704342e+00 -1.186221002888824927e+00 4.730894413627839690e+00 4.822534338578291724e+00 4.681794254751494577e+00 1.608877796763263035e+00 1.592088845759100479e+00 1.046897974936931597e+00
4.795187927246096216e+00 -1.183549832153320214e+00 4.766861849975585486e+00 4.856380023193360707e+00 4.654767669677736031e+00 1.600544281005859437e+00 1.601563735961913704e+00 1.045960784912109087e+00
4.785916673561188439e+00 -1.191595628872700097e+00 4.738217410791477846e+00 4.848658741777764014e+00 4.646017791273820308e+00 1.617593332892284019e+00 1.604686583518422971e+00 1.041071144616231070e+00
4.789951691436770354e+00 -1.190118169212341481e+00 4.751094128608702505e+00 4.836967665481568091e+00 4.652785857009890336e+00 1.613692995071411174e+00 1.590173950004577286e+00 1.054553511428832913e+00
4.789241882324221322e+00 -1.191712564086913950e+00 4.765752975463867003e+00 4.804735809326173168e+00 4.662070526123049063e+00 1.602939910888671937e+00 1.603960891723632542e+00 1.047526336669921676e+00
4.776160583496096734e+00 -1.189248074340820249e+00 4.715503451538085145e+00 4.820533538818360775e+00 4.678136810302736315e+00 1.608210296630859570e+00 1.609234634399413721e+00 1.050970550537109194e+00
4.761296836669560051e+00 -1.189763181738042963e+00 4.750650468689901373e+00 4.835230061403942514e+00 4.652014869663402052e+00 1.613113301403354516e+00 1.600171336903469577e+00 1.046960617270599858e+00
4.795187927246096216e+00 -1.183549832153320214e+00 4.766861849975585486e+00 4.797555023193361023e+00 4.654767669677736031e+00 1.620169281005859441e+00 1.601563735961913704e+00 1.045960784912109087e+00
4.795741609129311911e+00 -1.186711980081349704e+00 4.740907138385622943e+00 4.822090924404562884e+00 4.641369720159473466e+00 1.608729866407811571e+00 1.600952179155498367e+00 1.051310091041028461e+00
4.769973580447727457e+00 -1.190438951275788249e+00 4.763365678700372641e+00 4.834942632458522738e+00 4.661526468165198445e+00 1.613017410318716482e+00 1.604824449950142728e+00 1.045094436516402769e+00
4.789299601958916242e+00 -1.187643722879959451e+00 4.746521773464310812e+00 4.825303851418052403e+00 4.646408907160904711e+00 1.609801752385537910e+00 1.601920246854159569e+00 1.049756177409872038e+00
4.779934463882449691e+00 -1.189592306041717507e+00 4.756621630954741775e+00 4.832520514869690587e+00 4.631904708290102590e+00 1.612209351539611868e+00 1.600962798976897972e+00 1.053583945655822696e+00
4.779579559326174731e+00 -1.190389503479003963e+00 4.763951054382323136e+00 4.816404586791993125e+00 4.636547042846681954e+00 1.606832809448242250e+00 1.607856269836425600e+00 1.050070358276367077e+00
4.773038909912112437e+00 -1.189157258605956891e+00 4.738826292419432207e+00 4.824303451538087373e+00 4.644580184936526024e+00 1.609468002319335955e+00 1.610493141174316190e+00 1.051792465209960614e+00
4.777916954944657846e+00 -1.190331035871897036e+00 4.750183272046129446e+00 4.838366053017788992e+00 4.628520675422067576e+00 1.614159520450048291e+00 1.608219115733820814e+00 1.046842762249521552e+00
4.765607036498844096e+00 -1.189414812304568247e+00 4.756399800995341209e+00 4.831651712830877798e+00 4.631519214616858449e+00 1.611919504705583428e+00 1.605961492426343895e+00 1.049787498576705946e+00
4.782552581787111734e+00 -1.186308137512206873e+00 4.764505491638182377e+00 4.812814193725587941e+00 4.632895614624025882e+00 1.615447494506836001e+00 1.606657691955565959e+00 1.049287582397460561e+00
4.782552581787111734e+00 -1.186308137512206873e+00 4.764505491638182377e+00 4.842226693725587339e+00 4.632895614624025882e+00 1.605634994506836000e+00 1.606657691955565959e+00 1.049287582397460561e+00
4.782829422728720026e+00 -1.187889211476221618e+00 4.751528135843201994e+00 4.825082144331188871e+00 4.626196639864893712e+00 1.609727787207812177e+00 1.606351913552358290e+00 1.051962235461920248e+00
