1.570796326794896558e+00 1.570796326794896558e+00 1.570796326794896558e+00 1.570796326794896558e+00 1.570796326794896558e+00 1.570796326794896558e+00 1.570796326794896558e+00 1.570796326794896558e+00
1.570796326794896558e+00 1.570796326794896558e+00 1.570796326794896558e+00 1.570796326794896558e+00 1.570796326794896558e+00 1.570796326794896558e+00 1.570796326794896558e+00 1.570796326794896558e+00
2.570796326794896558e+00 1.570796326794896558e+00 1.570796326794896558e+00 1.570796326794896558e+00 1.570796326794896558e+00 1.570796326794896558e+00 1.570796326794896558e+00 1.570796326794896558e+00
4.188830326794896308e+00 1.570796326794896558e+00 1.570796326794896558e+00 1.570796326794896558e+00 1.570796326794896558e+00 1.570796326794896558e+00 1.570796326794896558e+00 1.570796326794896558e+00
6.806864351950896008e+00 1.570796326794896558e+00 1.570796326794896558e+00 1.570796326794896558e+00 1.570796326794896558e+00 1.570796326794896558e+00 1.570796326794896558e+00 1.570796326794896558e+00
4.188830326794896308e+00 1.570796326794896558e+00 1.570796326794896558e+00 1.570796326794896558e+00 1.570796326794896558e+00 1.570796326794896558e+00 1.570796326794896558e+00 1.570796326794896558e+00
5.188830311247633276e+00 1.570796326794896558e+00 1.570796326794896558e+00 1.570796326794896558e+00 1.570796326794896558e+00 1.570796326794896558e+00 1.570796326794896558e+00 1.570796326794896558e+00
5.806864301638895220e+00 1.570796326794896558e+00 1.570796326794896558e+00 1.570796326794896558e+00 1.570796326794896558e+00 1.570796326794896558e+00 1.570796326794896558e+00 1.570796326794896558e+00
4.809975356608776842e+00 1.570796326794896558e+00 1.570796326794896558e+00 1.570796326794896558e+00 1.570796326794896558e+00 1.570796326794896558e+00 1.570796326794896558e+00 1.570796326794896558e+00
5.225010651102159898e+00 1.570796326794896558e+00 1.570796326794896558e+00 1.570796326794896558e+00 1.570796326794896558e+00 1.570796326794896558e+00 1.570796326794896558e+00 1.570796326794896558e+00
5.152649971393104877e+00 1.570796326794896558e+00 1.570796326794896558e+00 1.570796326794896558e+00 1.570796326794896558e+00 1.570796326794896558e+00 1.570796326794896558e+00 1.570796326794896558e+00
5.188830311247633276e+00 1.570796326794896558e+00 1.570796326794896558e+00 1.570796326794896558e+00 1.570796326794896558e+00 1.570796326794896558e+00 1.570796326794896558e+00 1.570796326794896558e+00
5.188830311247633276e+00 2.570796326794896558e+00 1.570796326794896558e+00 1.570796326794896558e+00 1.570796326794896558e+00 1.570796326794896558e+00 1.570796326794896558e+00 1.570796326794896558e+00
5.188830311247633276e+00 4.188830326794896308e+00 1.570796326794896558e+00 1.570796326794896558e+00 1.570796326794896558e+00 1.570796326794896558e+00 1.570796326794896558e+00 1.570796326794896558e+00
5.188830311247633276e+00 6.806864351950896008e+00 1.570796326794896558e+00 1.570796326794896558e+00 1.570796326794896558e+00 1.570796326794896558e+00 1.570796326794896558e+00 1.570796326794896558e+00
5.188830311247633276e+00 4.188830326794896308e+00 1.570796326794896558e+00 1.570796326794896558e+00 1.570796326794896558e+00 1.570796326794896558e+00 1.570796326794896558e+00 1.570796326794896558e+00
5.188830311247633276e+00 5.188830311247633276e+00 1.570796326794896558e+00 1.570796326794896558e+00 1.570796326794896558e+00 1.570796326794896558e+00 1.570796326794896558e+00 1.570796326794896558e+00
5.188830311247633276e+00 3.570796351950896508e+00 1.570796326794896558e+00 1.570796326794896558e+00 1.570796326794896558e+00 1.570796326794896558e+00 1.570796326794896558e+00 1.570796326794896558e+00
5.188830311247633276e+00 4.568654654096349077e+00 1.570796326794896558e+00 1.570796326794896558e+00 1.570796326794896558e+00 1.570796326794896558e+00 1.570796326794896558e+00 1.570796326794896558e+00
5.188830311247633276e+00 4.408230855880866272e+00 1.570796326794896558e+00 1.570796326794896558e+00 1.570796326794896558e+00 1.570796326794896558e+00 1.570796326794896558e+00 1.570796326794896558e+00
5.188830311247633276e+00 4.598633237379363692e+00 1.570796326794896558e+00 1.570796326794896558e+00 1.570796326794896558e+00 1.570796326794896558e+00 1.570796326794896558e+00 1.570796326794896558e+00
5.188830311247633276e+00 4.824068452896531412e+00 1.570796326794896558e+00 1.570796326794896558e+00 1.570796326794896558e+00 1.570796326794896558e+00 1.570796326794896558e+00 1.570796326794896558e+00
5.188830311247633276e+00 4.684741824909594676e+00 1.570796326794896558e+00 1.570796326794896558e+00 1.570796326794896558e+00 1.570796326794896558e+00 1.570796326794896558e+00 1.570796326794896558e+00
5.188830311247633276e+00 4.628911606495208275e+00 1.570796326794896558e+00 1.570796326794896558e+00 1.570796326794896558e+00 1.570796326794896558e+00 1.570796326794896558e+00 1.570796326794896558e+00
5.188830311247633276e+00 4.628911606495208275e+00 1.570796326794896558e+00 1.570796326794896558e+00 1.570796326794896558e+00 1.570796326794896558e+00 1.570796326794896558e+00 1.570796326794896558e+00
5.188830311247633276e+00 4.628911606495208275e+00 2.570796326794896558e+00 1.570796326794896558e+00 1.570796326794896558e+00 1.570796326794896558e+00 1.570796326794896558e+00 1.570796326794896558e+00
5.188830311247633276e+00 4.628911606495208275e+00 4.188830326794896308e+00 1.570796326794896558e+00 1.570796326794896558e+00 1.570796326794896558e+00 1.570796326794896558e+00 1.570796326794896558e+00
5.188830311247633276e+00 4.628911606495208275e+00 6.806864351950896008e+00 1.570796326794896558e+00 1.570796326794896558e+00 1.570796326794896558e+00 1.570796326794896558e+00 1.570796326794896558e+00
5.188830311247633276e+00 4.628911606495208275e+00 4.188830326794896308e+00 1.570796326794896558e+00 1.570796326794896558e+00 1.570796326794896558e+00 1.570796326794896558e+00 1.570796326794896558e+00
5.188830311247633276e+00 4.628911606495208275e+00 5.188830311247633276e+00 1.570796326794896558e+00 1.570796326794896558e+00 1.570796326794896558e+00 1.570796326794896558e+00 1.570796326794896558e+00
5.188830311247633276e+00 4.628911606495208275e+00 5.806864301638895220e+00 1.570796326794896558e+00 1.570796326794896558e+00 1.570796326794896558e+00 1.570796326794896558e+00 1.570796326794896558e+00
5.188830311247633276e+00 4.628911606495208275e+00 4.894148293437531549e+00 1.570796326794896558e+00 1.570796326794896558e+00 1.570796326794896558e+00 1.570796326794896558e+00 1.570796326794896558e+00
5.188830311247633276e+00 4.628911606495208275e+00 5.424898282421422024e+00 1.570796326794896558e+00 1.570796326794896558e+00 1.570796326794896558e+00 1.570796326794896558e+00 1.570796326794896558e+00
5.188830311247633276e+00 4.628911606495208275e+00 5.076271799632779747e+00 1.570796326794896558e+00 1.570796326794896558e+00 1.570796326794896558e+00 1.570796326794896558e+00 1.570796326794896558e+00
5.188830311247633276e+00 4.628911606495208275e+00 5.279000249924999721e+00 1.570796326794896558e+00 1.570796326794896558e+00 1.570796326794896558e+00 1.570796326794896558e+00 1.570796326794896558e+00
5.188830311247633276e+00 4.628911606495208275e+00 5.145836786800153106e+00 1.570796326794896558e+00 1.570796326794896558e+00 1.570796326794896558e+00 1.570796326794896558e+00 1.570796326794896558e+00
5.188830311247633276e+00 4.628911606495208275e+00 5.225010651102159898e+00 1.570796326794896558e+00 1.570796326794896558e+00 1.570796326794896558e+00 1.570796326794896558e+00 1.570796326794896558e+00
5.188830311247633276e+00 4.628911606495208275e+00 5.188830311247633276e+00 1.570796326794896558e+00 1.570796326794896558e+00 1.570796326794896558e+00 1.570796326794896558e+00 1.570796326794896558e+00
5.188830311247633276e+00 4.628911606495208275e+00 5.188830311247633276e+00 2.570796326794896558e+00 1.570796326794896558e+00 1.570796326794896558e+00 1.570796326794896558e+00 1.570796326794896558e+00
5.188830311247633276e+00 4.628911606495208275e+00 5.188830311247633276e+00 4.188830326794896308e+00 1.570796326794896558e+00 1.570796326794896558e+00 1.570796326794896558e+00 1.570796326794896558e+00
5.188830311247633276e+00 4.628911606495208275e+00 5.188830311247633276e+00 6.806864351950896008e+00 1.570796326794896558e+00 1.570796326794896558e+00 1.570796326794896558e+00 1.570796326794896558e+00
5.188830311247633276e+00 4.628911606495208275e+00 5.188830311247633276e+00 4.188830326794896308e+00 1.570796326794896558e+00 1.570796326794896558e+00 1.570796326794896558e+00 1.570796326794896558e+00
5.188830311247633276e+00 4.628911606495208275e+00 5.188830311247633276e+00 5.188830311247633276e+00 1.570796326794896558e+00 1.570796326794896558e+00 1.570796326794896558e+00 1.570796326794896558e+00
5.188830311247633276e+00 4.628911606495208275e+00 5.188830311247633276e+00 5.806864301638895220e+00 1.570796326794896558e+00 1.570796326794896558e+00 1.570796326794896558e+00 1.570796326794896558e+00
5.188830311247633276e+00 4.628911606495208275e+00 5.188830311247633276e+00 4.755868867518590726e+00 1.570796326794896558e+00 1.570796326794896558e+00 1.570796326794896558e+00 1.570796326794896558e+00
5.188830311247633276e+00 4.628911606495208275e+00 5.188830311247633276e+00 4.724018142101353845e+00 1.570796326794896558e+00 1.570796326794896558e+00 1.570796326794896558e+00 1.570796326794896558e+00
5.188830311247633276e+00 4.628911606495208275e+00 5.188830311247633276e+00 4.954059250280513638e+00 1.570796326794896558e+00 1.570796326794896558e+00 1.570796326794896558e+00 1.570796326794896558e+00
5.188830311247633276e+00 4.628911606495208275e+00 5.188830311247633276e+00 4.831570855260631348e+00 1.570796326794896558e+00 1.570796326794896558e+00 1.570796326794896558e+00 1.570796326794896558e+00
5.188830311247633276e+00 4.628911606495208275e+00 5.188830311247633276e+00 4.787719592935827606e+00 1.570796326794896558e+00 1.570796326794896558e+00 1.570796326794896558e+00 1.570796326794896558e+00
5.188830311247633276e+00 4.628911606495208275e+00 5.188830311247633276e+00 4.755868867518590726e+00 1.570796326794896558e+00 1.570796326794896558e+00 1.570796326794896558e+00 1.570796326794896558e+00
5.188830311247633276e+00 4.628911606495208275e+00 5.188830311247633276e+00 4.755868867518590726e+00 2.570796326794896558e+00 1.570796326794896558e+00 1.570796326794896558e+00 1.570796326794896558e+00
5.188830311247633276e+00 4.628911606495208275e+00 5.188830311247633276e+00 4.755868867518590726e+00 4.188830326794896308e+00 1.570796326794896558e+00 1.570796326794896558e+00 1.570796326794896558e+00
5.188830311247633276e+00 4.628911606495208275e+00 5.188830311247633276e+00 4.755868867518590726e+00 6.806864351950896008e+00 1.570796326794896558e+00 1.570796326794896558e+00 1.570796326794896558e+00
5.188830311247633276e+00 4.628911606495208275e+00 5.188830311247633276e+00 4.755868867518590726e+00 4.188830326794896308e+00 1.570796326794896558e+00 1.570796326794896558e+00 1.570796326794896558e+00
5.188830311247633276e+00 4.628911606495208275e+00 5.188830311247633276e+00 4.755868867518590726e+00 5.188830311247633276e+00 1.570796326794896558e+00 1.570796326794896558e+00 1.570796326794896558e+00
5.188830311247633276e+00 4.628911606495208275e+00 5.188830311247633276e+00 4.755868867518590726e+00 3.570796351950896508e+00 1.570796326794896558e+00 1.570796326794896558e+00 1.570796326794896558e+00
5.188830311247633276e+00 4.628911606495208275e+00 5.188830311247633276e+00 4.755868867518590726e+00 4.602125358954285872e+00 1.570796326794896558e+00 1.570796326794896558e+00 1.570796326794896558e+00
5.188830311247633276e+00 4.628911606495208275e+00 5.188830311247633276e+00 4.755868867518590726e+00 3.952762361559633231e+00 1.570796326794896558e+00 1.570796326794896558e+00 1.570796326794896558e+00
5.188830311247633276e+00 4.628911606495208275e+00 5.188830311247633276e+00 4.755868867518590726e+00 4.346694977048690234e+00 1.570796326794896558e+00 1.570796326794896558e+00 1.570796326794896558e+00
5.188830311247633276e+00 4.628911606495208275e+00 5.188830311247633276e+00 4.755868867518590726e+00 4.378132958697218413e+00 1.570796326794896558e+00 1.570796326794896558e+00 1.570796326794896558e+00
5.188830311247633276e+00 4.628911606495208275e+00 5.188830311247633276e+00 4.755868867518590726e+00 4.463690439853809977e+00 1.570796326794896558e+00 1.570796326794896558e+00 1.570796326794896558e+00
5.188830311247633276e+00 4.628911606495208275e+00 5.188830311247633276e+00 4.755868867518590726e+00 4.516567872162942976e+00 1.570796326794896558e+00 1.570796326794896558e+00 1.570796326794896558e+00
5.188830311247633276e+00 4.628911606495208275e+00 5.188830311247633276e+00 4.755868867518590726e+00 4.434761498713220895e+00 1.570796326794896558e+00 1.570796326794896558e+00 1.570796326794896558e+00
5.188830311247633276e+00 4.628911606495208275e+00 5.188830311247633276e+00 4.755868867518590726e+00 4.463690439853809977e+00 1.570796326794896558e+00 1.570796326794896558e+00 1.570796326794896558e+00
5.188830311247633276e+00 4.628911606495208275e+00 5.188830311247633276e+00 4.755868867518590726e+00 4.463690439853809977e+00 2.570796326794896558e+00 1.570796326794896558e+00 1.570796326794896558e+00
5.188830311247633276e+00 4.628911606495208275e+00 5.188830311247633276e+00 4.755868867518590726e+00 4.463690439853809977e+00 -4.723767320510341428e-02 1.570796326794896558e+00 1.570796326794896558e+00
5.188830311247633276e+00 4.628911606495208275e+00 5.188830311247633276e+00 4.755868867518590726e+00 4.463690439853809977e+00 1.570796326794896558e+00 1.570796326794896558e+00 1.570796326794896558e+00
5.188830311247633276e+00 4.628911606495208275e+00 5.188830311247633276e+00 4.755868867518590726e+00 4.463690439853809977e+00 9.527623519508965355e-01 1.570796326794896558e+00 1.570796326794896558e+00
5.188830311247633276e+00 4.628911606495208275e+00 5.188830311247633276e+00 4.755868867518590726e+00 4.463690439853809977e+00 1.952762326794896586e+00 1.570796326794896558e+00 1.570796326794896558e+00
5.188830311247633276e+00 4.628911606495208275e+00 5.188830311247633276e+00 4.755868867518590726e+00 4.463690439853809977e+00 1.607619311743634594e+00 1.570796326794896558e+00 1.570796326794896558e+00
5.188830311247633276e+00 4.628911606495208275e+00 5.188830311247633276e+00 4.755868867518590726e+00 4.463690439853809977e+00 1.745650332217700162e+00 1.570796326794896558e+00 1.570796326794896558e+00
5.188830311247633276e+00 4.628911606495208275e+00 5.188830311247633276e+00 4.755868867518590726e+00 4.463690439853809977e+00 1.660342468510031422e+00 1.570796326794896558e+00 1.570796326794896558e+00
5.188830311247633276e+00 4.628911606495208275e+00 5.188830311247633276e+00 4.755868867518590726e+00 4.463690439853809977e+00 1.627757765041068172e+00 1.570796326794896558e+00 1.570796326794896558e+00
5.188830311247633276e+00 4.628911606495208275e+00 5.188830311247633276e+00 4.755868867518590726e+00 4.463690439853809977e+00 1.593554183474704899e+00 1.570796326794896558e+00 1.570796326794896558e+00
5.188830311247633276e+00 4.628911606495208275e+00 5.188830311247633276e+00 4.755868867518590726e+00 4.463690439853809977e+00 1.615311516195842012e+00 1.570796326794896558e+00 1.570796326794896558e+00
5.188830311247633276e+00 4.628911606495208275e+00 5.188830311247633276e+00 4.755868867518590726e+00 4.463690439853809977e+00 1.602246910959264525e+00 1.570796326794896558e+00 1.570796326794896558e+00
5.188830311247633276e+00 4.628911606495208275e+00 5.188830311247633276e+00 4.755868867518590726e+00 4.463690439853809977e+00 1.610557472309426474e+00 1.570796326794896558e+00 1.570796326794896558e+00
5.188830311247633276e+00 4.628911606495208275e+00 5.188830311247633276e+00 4.755868867518590726e+00 4.463690439853809977e+00 1.605567237305631778e+00 1.570796326794896558e+00 1.570796326794896558e+00
5.188830311247633276e+00 4.628911606495208275e+00 5.188830311247633276e+00 4.755868867518590726e+00 4.463690439853809977e+00 1.608741589182307807e+00 1.570796326794896558e+00 1.570796326794896558e+00
5.188830311247633276e+00 4.628911606495208275e+00 5.188830311247633276e+00 4.755868867518590726e+00 4.463690439853809977e+00 1.606835489078848322e+00 1.570796326794896558e+00 1.570796326794896558e+00
5.188830311247633276e+00 4.628911606495208275e+00 5.188830311247633276e+00 4.755868867518590726e+00 4.463690439853809977e+00 1.608047983567774786e+00 1.570796326794896558e+00 1.570796326794896558e+00
5.188830311247633276e+00 4.628911606495208275e+00 5.188830311247633276e+00 4.755868867518590726e+00 4.463690439853809977e+00 1.607251081884147226e+00 1.570796326794896558e+00 1.570796326794896558e+00
5.188830311247633276e+00 4.628911606495208275e+00 5.188830311247633276e+00 4.755868867518590726e+00 4.463690439853809977e+00 1.607619311743634594e+00 1.570796326794896558e+00 1.570796326794896558e+00
5.188830311247633276e+00 4.628911606495208275e+00 5.188830311247633276e+00 4.755868867518590726e+00 4.463690439853809977e+00 1.607619311743634594e+00 2.570796326794896558e+00 1.570796326794896558e+00
5.188830311247633276e+00 4.628911606495208275e+00 5.188830311247633276e+00 4.755868867518590726e+00 4.463690439853809977e+00 1.607619311743634594e+00 -4.723767320510341428e-02 1.570796326794896558e+00
5.188830311247633276e+00 4.628911606495208275e+00 5.188830311247633276e+00 4.755868867518590726e+00 4.463690439853809977e+00 1.607619311743634594e+00 1.570796326794896558e+00 1.570796326794896558e+00
5.188830311247633276e+00 4.628911606495208275e+00 5.188830311247633276e+00 4.755868867518590726e+00 4.463690439853809977e+00 1.607619311743634594e+00 9.527623519508965355e-01 1.570796326794896558e+00
5.188830311247633276e+00 4.628911606495208275e+00 5.188830311247633276e+00 4.755868867518590726e+00 4.463690439853809977e+00 1.607619311743634594e+00 1.952762326794896586e+00 1.570796326794896558e+00
5.188830311247633276e+00 4.628911606495208275e+00 5.188830311247633276e+00 4.755868867518590726e+00 4.463690439853809977e+00 1.607619311743634594e+00 1.519678426476791966e+00 1.570796326794896558e+00
5.188830311247633276e+00 4.628911606495208275e+00 5.188830311247633276e+00 4.755868867518590726e+00 4.463690439853809977e+00 1.607619311743634594e+00 1.733389326893690852e+00 1.570796326794896558e+00
5.188830311247633276e+00 4.628911606495208275e+00 5.188830311247633276e+00 4.755868867518590726e+00 4.463690439853809977e+00 1.607619311743634594e+00 1.632901324670632537e+00 1.570796326794896558e+00
5.188830311247633276e+00 4.628911606495208275e+00 5.188830311247633276e+00 4.755868867518590726e+00 4.463690439853809977e+00 1.607619311743634594e+00 1.577615007379469469e+00 1.570796326794896558e+00
5.188830311247633276e+00 4.628911606495208275e+00 5.188830311247633276e+00 4.755868867518590726e+00 4.463690439853809977e+00 1.607619311743634594e+00 1.551271026881991366e+00 1.570796326794896558e+00
5.188830311247633276e+00 4.628911606495208275e+00 5.188830311247633276e+00 4.755868867518590726e+00 4.463690439853809977e+00 1.607619311743634594e+00 1.564877828713160390e+00 1.570796326794896558e+00
5.188830311247633276e+00 4.628911606495208275e+00 5.188830311247633276e+00 4.755868867518590726e+00 4.463690439853809977e+00 1.607619311743634594e+00 1.573400830943063600e+00 1.570796326794896558e+00
5.188830311247633276e+00 4.628911606495208275e+00 5.188830311247633276e+00 4.755868867518590726e+00 4.463690439853809977e+00 1.607619311743634594e+00 1.568535661756608190e+00 1.570796326794896558e+00
5.188830311247633276e+00 4.628911606495208275e+00 5.188830311247633276e+00 4.755868867518590726e+00 4.463690439853809977e+00 1.607619311743634594e+00 1.571791158826355339e+00 1.570796326794896558e+00
5.188830311247633276e+00 4.628911606495208275e+00 5.188830311247633276e+00 4.755868867518590726e+00 4.463690439853809977e+00 1.607619311743634594e+00 1.569932829612881608e+00 1.570796326794896558e+00
5.188830311247633276e+00 4.628911606495208275e+00 5.188830311247633276e+00 4.755868867518590726e+00 4.463690439853809977e+00 1.607619311743634594e+00 1.571176318806624783e+00 1.570796326794896558e+00
5.188830311247633276e+00 4.628911606495208275e+00 5.188830311247633276e+00 4.755868867518590726e+00 4.463690439853809977e+00 1.607619311743634594e+00 1.570466500230271123e+00 1.570796326794896558e+00
5.188830311247633276e+00 4.628911606495208275e+00 5.188830311247633276e+00 4.755868867518590726e+00 4.463690439853809977e+00 1.607619311743634594e+00 1.570941470823648434e+00 1.570796326794896558e+00
5.188830311247633276e+00 4.628911606495208275e+00 5.188830311247633276e+00 4.755868867518590726e+00 4.463690439853809977e+00 1.607619311743634594e+00 1.570670344261312801e+00 1.570796326794896558e+00
5.188830311247633276e+00 4.628911606495208275e+00 5.188830311247633276e+00 4.755868867518590726e+00 4.463690439853809977e+00 1.607619311743634594e+00 1.570811386814073174e+00 1.570796326794896558e+00
5.188830311247633276e+00 4.628911606495208275e+00 5.188830311247633276e+00 4.755868867518590726e+00 4.463690439853809977e+00 1.607619311743634594e+00 1.570748205750473803e+00 1.570796326794896558e+00
5.188830311247633276e+00 4.628911606495208275e+00 5.188830311247633276e+00 4.755868867518590726e+00 4.463690439853809977e+00 1.607619311743634594e+00 1.570777946192042585e+00 1.570796326794896558e+00
5.188830311247633276e+00 4.628911606495208275e+00 5.188830311247633276e+00 4.755868867518590726e+00 4.463690439853809977e+00 1.607619311743634594e+00 1.570789306029546806e+00 1.570796326794896558e+00
5.188830311247633276e+00 4.628911606495208275e+00 5.188830311247633276e+00 4.755868867518590726e+00 4.463690439853809977e+00 1.607619311743634594e+00 1.570802079210181335e+00 1.570796326794896558e+00
5.188830311247633276e+00 4.628911606495208275e+00 5.188830311247633276e+00 4.755868867518590726e+00 4.463690439853809977e+00 1.607619311743634594e+00 1.570793645101238978e+00 1.570796326794896558e+00
5.188830311247633276e+00 4.628911606495208275e+00 5.188830311247633276e+00 4.755868867518590726e+00 4.463690439853809977e+00 1.607619311743634594e+00 1.570798524021953302e+00 1.570796326794896558e+00
5.188830311247633276e+00 4.628911606495208275e+00 5.188830311247633276e+00 4.755868867518590726e+00 4.463690439853809977e+00 1.607619311743634594e+00 1.570795302479097044e+00 1.570796326794896558e+00
5.188830311247633276e+00 4.628911606495208275e+00 5.188830311247633276e+00 4.755868867518590726e+00 4.463690439853809977e+00 1.607619311743634594e+00 1.570797166060926564e+00 1.570796326794896558e+00
5.188830311247633276e+00 4.628911606495208275e+00 5.188830311247633276e+00 4.755868867518590726e+00 4.463690439853809977e+00 1.607619311743634594e+00 1.570795935541087873e+00 1.570796326794896558e+00
5.188830311247633276e+00 4.628911606495208275e+00 5.188830311247633276e+00 4.755868867518590726e+00 4.463690439853809977e+00 1.607619311743634594e+00 1.570796647365984899e+00 1.570796326794896558e+00
5.188830311247633276e+00 4.628911606495208275e+00 5.188830311247633276e+00 4.755868867518590726e+00 4.463690439853809977e+00 1.607619311743634594e+00 1.570796177349244260e+00 1.570796326794896558e+00
5.188830311247633276e+00 4.628911606495208275e+00 5.188830311247633276e+00 4.755868867518590726e+00 4.463690439853809977e+00 1.607619311743634594e+00 1.570796449242152892e+00 1.570796326794896558e+00
5.188830311247633276e+00 4.628911606495208275e+00 5.188830311247633276e+00 4.755868867518590726e+00 4.463690439853809977e+00 1.607619311743634594e+00 1.570796269711738580e+00 1.570796326794896558e+00
5.188830311247633276e+00 4.628911606495208275e+00 5.188830311247633276e+00 4.755868867518590726e+00 4.463690439853809977e+00 1.607619311743634594e+00 1.570796373565585213e+00 1.570796326794896558e+00
5.188830311247633276e+00 4.628911606495208275e+00 5.188830311247633276e+00 4.755868867518590726e+00 4.463690439853809977e+00 1.607619311743634594e+00 1.570796304991070924e+00 1.570796326794896558e+00
5.188830311247633276e+00 4.628911606495208275e+00 5.188830311247633276e+00 4.755868867518590726e+00 4.463690439853809977e+00 1.607619311743634594e+00 1.570796344659709520e+00 1.570796326794896558e+00
5.188830311247633276e+00 4.628911606495208275e+00 5.188830311247633276e+00 4.755868867518590726e+00 4.463690439853809977e+00 1.607619311743634594e+00 1.570796318466576524e+00 1.570796326794896558e+00
5.188830311247633276e+00 4.628911606495208275e+00 5.188830311247633276e+00 4.755868867518590726e+00 4.463690439853809977e+00 1.607619311743634594e+00 1.570796313319391624e+00 1.570796326794896558e+00
5.188830311247633276e+00 4.628911606495208275e+00 5.188830311247633276e+00 4.755868867518590726e+00 4.463690439853809977e+00 1.607619311743634594e+00 1.570796321609199575e+00 1.570796326794896558e+00
5.188830311247633276e+00 4.628911606495208275e+00 5.188830311247633276e+00 4.755868867518590726e+00 4.463690439853809977e+00 1.607619311743634594e+00 1.570796316500526979e+00 1.570796326794896558e+00
5.188830311247633276e+00 4.628911606495208275e+00 5.188830311247633276e+00 4.755868867518590726e+00 4.463690439853809977e+00 1.607619311743634594e+00 1.570796319666951657e+00 1.570796326794896558e+00
5.188830311247633276e+00 4.628911606495208275e+00 5.188830311247633276e+00 4.755868867518590726e+00 4.463690439853809977e+00 1.607619311743634594e+00 1.570796317715612345e+00 1.570796326794896558e+00
5.188830311247633276e+00 4.628911606495208275e+00 5.188830311247633276e+00 4.755868867518590726e+00 4.463690439853809977e+00 1.607619311743634594e+00 1.570796318925079094e+00 1.570796326794896558e+00
5.188830311247633276e+00 4.628911606495208275e+00 5.188830311247633276e+00 4.755868867518590726e+00 4.463690439853809977e+00 1.607619311743634594e+00 1.570796318179733753e+00 1.570796326794896558e+00
5.188830311247633276e+00 4.628911606495208275e+00 5.188830311247633276e+00 4.755868867518590726e+00 4.463690439853809977e+00 1.607619311743634594e+00 1.570796318641708877e+00 1.570796326794896558e+00
5.188830311247633276e+00 4.628911606495208275e+00 5.188830311247633276e+00 4.755868867518590726e+00 4.463690439853809977e+00 1.607619311743634594e+00 1.570796318357012389e+00 1.570796326794896558e+00
5.188830311247633276e+00 4.628911606495208275e+00 5.188830311247633276e+00 4.755868867518590726e+00 4.463690439853809977e+00 1.607619311743634594e+00 1.570796318466576524e+00 1.570796326794896558e+00
5.188830311247633276e+00 4.628911606495208275e+00 5.188830311247633276e+00 4.755868867518590726e+00 4.463690439853809977e+00 1.607619311743634594e+00 1.570796318466576524e+00 2.570796326794896558e+00
5.188830311247633276e+00 4.628911606495208275e+00 5.188830311247633276e+00 4.755868867518590726e+00 4.463690439853809977e+00 1.607619311743634594e+00 1.570796318466576524e+00 -4.723767320510341428e-02
5.188830311247633276e+00 4.628911606495208275e+00 5.188830311247633276e+00 4.755868867518590726e+00 4.463690439853809977e+00 1.607619311743634594e+00 1.570796318466576524e+00 1.570796326794896558e+00
5.188830311247633276e+00 4.628911606495208275e+00 5.188830311247633276e+00 4.755868867518590726e+00 4.463690439853809977e+00 1.607619311743634594e+00 1.570796318466576524e+00 9.527623519508965355e-01
5.188830311247633276e+00 4.628911606495208275e+00 5.188830311247633276e+00 4.755868867518590726e+00 4.463690439853809977e+00 1.607619311743634594e+00 1.570796318466576524e+00 5.707963423421598126e-01
5.188830311247633276e+00 4.628911606495208275e+00 5.188830311247633276e+00 4.755868867518590726e+00 4.463690439853809977e+00 1.607619311743634594e+00 1.570796318466576524e+00 9.941196909017541161e-01
5.188830311247633276e+00 4.628911606495208275e+00 5.188830311247633276e+00 4.755868867518590726e+00 4.463690439853809977e+00 1.607619311743634594e+00 1.570796318466576524e+00 1.214390558807314058e+00
5.188830311247633276e+00 4.628911606495208275e+00 5.188830311247633276e+00 4.755868867518590726e+00 4.463690439853809977e+00 1.607619311743634594e+00 1.570796318466576524e+00 1.138679780817177800e+00
5.188830311247633276e+00 4.628911606495208275e+00 5.188830311247633276e+00 4.755868867518590726e+00 4.463690439853809977e+00 1.607619311743634594e+00 1.570796318466576524e+00 1.134358615347400567e+00
5.188830311247633276e+00 4.628911606495208275e+00 5.188830311247633276e+00 4.755868867518590726e+00 4.463690439853809977e+00 1.607619311743634594e+00 1.570796318466576524e+00 1.175288312177712902e+00
5.188830311247633276e+00 4.628911606495208275e+00 5.188830311247633276e+00 4.755868867518590726e+00 4.463690439853809977e+00 1.607619311743634594e+00 1.570796318466576524e+00 1.152662995106835897e+00
5.188830311247633276e+00 4.628911606495208275e+00 5.188830311247633276e+00 4.755868867518590726e+00 4.463690439853809977e+00 1.607619311743634594e+00 1.570796318466576524e+00 1.144020893246541215e+00

