3.004320000000001295e-02
3.060960000000005621e-02
2.964000000000000662e-02
2.976480000000002180e-02
2.836319999999999467e-02
2.939999999999998517e-02
2.785440000000000832e-02
2.888160000000001074e-02
2.844960000000002626e-02
2.919839999999999935e-02
2.871839999999998769e-02
2.778720000000005699e-02
2.950560000000002070e-02
3.001440000000001398e-02
2.783519999999998357e-02
2.726880000000002358e-02
2.756639999999997009e-02
2.879519999999995833e-02
2.828639999999999280e-02
2.941919999999998564e-02
2.795040000000002106e-02
2.869919999999999416e-02
2.816160000000002273e-02
2.834399999999994563e-02
2.864160000000002398e-02
2.845919999999996924e-02
2.825759999999997302e-02
2.820960000000001869e-02
2.996639999999996945e-02
3.121440000000001713e-02
3.022559999999997749e-02
2.799840000000001355e-02
2.777759999999999257e-02
2.731679999999995362e-02
2.963040000000003241e-02
3.097439999999999222e-02
3.183839999999998893e-02
3.164639999999997733e-02
3.048480000000000634e-02
2.984159999999998550e-02
3.008159999999996184e-02
3.026399999999999924e-02
3.086879999999997751e-02
3.136800000000000005e-02
3.276959999999999595e-02
3.342239999999998407e-02
3.300000000000005707e-02
3.372000000000001385e-02
2.952480000000000382e-02
2.799840000000002396e-02
2.853599999999999887e-02
2.808480000000004168e-02
2.736480000000003632e-02
2.785440000000001526e-02
2.763360000000002897e-02
