9.750000000000004219e-01
9.750000000000004219e-01
8.859888000000004649e-01
6.167664000000003810e-01
8.769648000000004329e-01
6.147696000000003602e-01
6.122736000000003065e-01
6.969456000000002760e-01
5.910000000000001918e-01
5.910768000000002909e-01
5.910768000000002909e-01
5.910000000000001918e-01
5.250192000000000192e-01
3.226992000000000194e-01
5.159184000000001102e-01
3.213455999999997870e-01
3.191567999999998517e-01
3.811920000000000863e-01
3.029999999999998805e-01
3.031151999999998625e-01
3.030287999999999871e-01
3.029999999999998805e-01
2.599727999999998929e-01
1.233455999999999997e-01
2.561903999999999293e-01
1.235184000000000282e-01
1.215984000000000509e-01
1.637808000000000042e-01
1.110000000000000431e-01
1.110768000000000311e-01
1.110192000000000401e-01
1.110000000000000431e-01
8.892960000000002529e-02
2.150879999999999459e-02
8.738400000000001722e-02
2.125919999999998505e-02
2.057759999999999104e-02
4.127519999999998412e-02
1.499999999999999944e-02
1.501919999999999297e-02
1.502879999999998800e-02
1.499999999999999944e-02
1.499999999999999251e-02
1.500000000000001332e-02
1.499999999999998904e-02
1.500000000000000812e-02
1.500960000000000488e-02
1.499999999999999944e-02
1.500000000000000291e-02
1.499999999999998730e-02
1.500959999999998754e-02
1.500960000000000315e-02
1.499999999999998557e-02
2.118239999999999706e-02
2.890079999999996957e-02
1.500959999999999968e-02
1.744800000000000517e-02
1.594079999999997721e-02
1.501919999999999124e-02
1.532639999999999697e-02
1.509600000000001392e-02
1.502879999999999494e-02
1.501919999999999297e-02
1.500959999999999968e-02
1.500000000000000985e-02
1.499999999999999424e-02
1.499999999999998383e-02
1.500959999999998233e-02
1.499999999999999251e-02
1.500000000000000812e-02
2.099039999999999587e-02
2.840160000000001295e-02
1.500000000000000812e-02
1.762080000000001978e-02
1.597920000000000243e-02
1.499999999999999077e-02
1.499999999999999944e-02
1.508640000000001369e-02
1.503840000000002293e-02
1.499999999999999944e-02
1.499999999999998904e-02
1.499999999999998730e-02
1.499999999999999077e-02
1.500000000000000985e-02
1.500000000000000812e-02
1.500959999999998927e-02
1.499999999999999424e-02
1.499999999999999598e-02
1.504799999999999194e-02
1.499999999999997516e-02
2.073120000000001212e-02
2.795039999999999331e-02
1.500959999999999621e-02
1.725600000000002826e-02
1.586400000000001004e-02
1.500959999999998580e-02
1.501920000000002767e-02
1.511519999999999531e-02
1.502879999999997065e-02
1.501919999999998777e-02
1.501919999999998603e-02
1.500959999999998927e-02
1.500000000000000638e-02
1.499999999999999771e-02
1.500000000000000118e-02
1.500000000000000465e-02
1.499999999999998383e-02
1.500000000000000985e-02
1.499999999999998383e-02
1.500959999999998407e-02
1.501919999999999471e-02
1.500959999999999447e-02
1.499999999999998904e-02
