7.961615999999999138e-01
8.086704000000002335e-01
7.245648000000001199e-01
4.955567999999999640e-01
6.908495999999999526e-01
4.931951999999999448e-01
4.904207999999999901e-01
5.639376000000001499e-01
4.880783999999999678e-01
4.809072000000001457e-01
4.768079999999999541e-01
4.726319999999999411e-01
4.704528000000000598e-01
4.774031999999999720e-01
4.812239999999999296e-01
4.928015999999999508e-01
4.045488000000000417e-01
3.852911999999999448e-01
3.235152000000000028e-01
3.271056000000001629e-01
3.250607999999999276e-01
3.447792000000000634e-01
3.358800000000000119e-01
3.577392000000000905e-01
3.325968000000000258e-01
3.291888000000000591e-01
3.196080000000000587e-01
3.143376000000002168e-01
3.088271999999999129e-01
2.778576000000000379e-01
1.537871999999999850e-01
2.909807999999999839e-01
1.667472000000000398e-01
1.601135999999999393e-01
1.919567999999999830e-01
1.486991999999999481e-01
1.488816000000000028e-01
1.602288000000000323e-01
1.437455999999999734e-01
1.313424000000000536e-01
6.331679999999995090e-02
1.275791999999999204e-01
6.173279999999994883e-02
5.965920000000000945e-02
7.964640000000001996e-02
5.510880000000002721e-02
5.012639999999996682e-02
5.319839999999997904e-02
5.547359999999999791e-02
5.099039999999999129e-02
4.695839999999999043e-02
4.403039999999999038e-02
3.270240000000000646e-02
4.285919999999998620e-02
3.365280000000001048e-02
3.276959999999999595e-02
3.677280000000000132e-02
3.195359999999999867e-02
3.424799999999998679e-02
3.390240000000001308e-02
3.345119999999997956e-02
4.698719999999999286e-02
6.527519999999999156e-02
3.125279999999999725e-02
3.696480000000001986e-02
3.468960000000000099e-02
3.396959999999999563e-02
3.705120000000002023e-02
3.761759999999998716e-02
3.532319999999999904e-02
3.280800000000000383e-02
3.159839999999999177e-02
3.088799999999999879e-02
3.300959999999997230e-02
3.384480000000000821e-02
3.450719999999998788e-02
3.420000000000000817e-02
3.166560000000002983e-02
3.296160000000000062e-02
3.512159999999998200e-02
3.592800000000001548e-02
3.455520000000001507e-02
3.405600000000000988e-02
3.309599999999999348e-02
3.271199999999999108e-02
3.345120000000000038e-02
3.339359999999998163e-02
4.876320000000002736e-02
6.701279999999998349e-02
3.084000000000000283e-02
3.730080000000000895e-02
3.481440000000002311e-02
3.451680000000001414e-02
3.488160000000000566e-02
3.561119999999999564e-02
3.397920000000000801e-02
3.174240000000000395e-02
3.289439999999999031e-02
3.231839999999998325e-02
3.208800000000000541e-02
3.158880000000000021e-02
3.236640000000001738e-02
3.178079999999999794e-02
3.136800000000000699e-02
3.347039999999999738e-02
3.406560000000000143e-02
3.391199999999999770e-02
3.391200000000004627e-02
3.362399999999998723e-02
3.216480000000002809e-02
3.123359999999999331e-02
3.151200000000001222e-02
3.264480000000000159e-02
3.415200000000000180e-02
3.359520000000000561e-02
3.233759999999998719e-02
3.223200000000001064e-02
3.335519999999999458e-02
3.408479999999999149e-02
3.504479999999999401e-02
3.561120000000000951e-02
3.669599999999999251e-02
3.799200000000000493e-02
3.723360000000002640e-02
3.604320000000000440e-02
3.350880000000000525e-02
3.325919999999999571e-02
3.347040000000002513e-02
3.444959999999997607e-02
3.405599999999998906e-02
3.370080000000000298e-02
3.547679999999997502e-02
3.347039999999998350e-02
3.428640000000000854e-02
3.428640000000000160e-02
3.597600000000000797e-02
3.497760000000001146e-02
3.356640000000000318e-02
3.228000000000001701e-02
3.343200000000000338e-02
3.392159999999999620e-02
3.508320000000002964e-02
5.350560000000000732e-02
4.451039999999997776e-02
3.199199999999999960e-02
2.870879999999999960e-02
3.108000000000000346e-02
2.870879999999999960e-02
2.963039999999997690e-02
3.243360000000000687e-02
3.166560000000000208e-02
3.130079999999998974e-02
