7.710863999999999496e-01
7.905647999999998454e-01
7.318896000000001401e-01
5.131247999999999365e-01
7.222608000000002582e-01
5.208144000000001217e-01
4.862447999999998660e-01
5.434704000000001312e-01
4.682640000000000136e-01
4.634064000000000516e-01
4.586256000000000221e-01
4.637808000000000486e-01
4.754640000000000533e-01
4.843248000000002218e-01
4.818479999999999985e-01
4.353360000000000563e-01
3.427920000000000411e-01
3.954960000000000142e-01
3.132815999999999934e-01
3.071664000000000616e-01
3.384144000000000041e-01
3.052559999999999718e-01
3.396528000000000325e-01
3.180144000000000859e-01
3.289104000000000472e-01
3.049775999999999598e-01
2.991312000000000415e-01
2.751696000000000697e-01
1.484880000000000366e-01
2.631119999999999570e-01
1.414224000000000314e-01
1.417392000000000096e-01
2.015472000000000097e-01
1.469135999999999775e-01
1.607855999999999452e-01
1.427183999999999675e-01
1.588751999999999942e-01
1.536720000000000308e-01
1.507535999999999876e-01
1.514448000000000460e-01
1.430064000000000057e-01
1.389552000000000009e-01
7.245600000000000651e-02
1.395696000000000436e-01
7.068000000000000671e-02
6.570720000000000727e-02
9.322079999999999256e-02
5.569440000000000501e-02
5.552159999999999040e-02
5.626079999999997888e-02
6.065759999999999208e-02
5.313120000000003118e-02
3.649440000000002404e-02
4.975199999999999068e-02
3.422879999999998979e-02
3.379680000000001572e-02
4.008479999999998294e-02
3.564000000000004664e-02
3.765599999999998115e-02
3.611040000000001471e-02
3.588960000000002148e-02
3.407520000000001381e-02
3.496799999999998521e-02
3.533279999999998366e-02
4.789920000000003758e-02
6.492000000000000548e-02
3.509280000000000732e-02
3.899040000000000838e-02
3.556320000000001008e-02
3.470880000000000493e-02
3.417119999999999186e-02
3.409439999999998999e-02
3.441120000000002371e-02
3.630239999999999856e-02
3.902879999999998156e-02
3.978720000000000867e-02
3.996960000000000096e-02
3.837599999999998651e-02
3.670559999999999101e-02
3.701279999999996378e-02
3.660000000000000753e-02
4.784159999999999802e-02
6.343199999999997452e-02
3.667679999999999552e-02
4.062239999999998907e-02
3.806879999999997211e-02
3.513119999999996662e-02
3.622560000000001057e-02
3.625440000000000607e-02
3.607200000000001378e-02
3.517919999999999381e-02
3.440160000000000440e-02
3.567840000000002676e-02
3.703199999999998854e-02
3.728159999999999114e-02
3.649439999999998241e-02
3.496799999999999214e-02
3.462239999999997681e-02
3.401760000000001588e-02
5.045280000000001291e-02
4.419360000000001343e-02
3.535200000000000842e-02
3.474719999999997810e-02
3.691679999999999268e-02
3.349920000000000675e-02
3.268320000000003028e-02
3.384479999999998046e-02
3.286560000000000176e-02
3.251999999999999336e-02
3.375839999999998703e-02
3.353759999999998687e-02
