8.115599999999999481e-01
8.026127999999999041e-01
7.480752000000000512e-01
5.116079999999999517e-01
7.222032000000000451e-01
5.115887999999999547e-01
4.918704000000000409e-01
5.610671999999999882e-01
4.949423999999997825e-01
5.234736000000000944e-01
5.090447999999999640e-01
5.226863999999998844e-01
4.689168000000000780e-01
3.702960000000000140e-01
4.811183999999999461e-01
3.459407999999999372e-01
3.642191999999999652e-01
4.106928000000000245e-01
3.452111999999999958e-01
3.688368000000000757e-01
3.313008000000000619e-01
3.459792000000000423e-01
3.438864000000000365e-01
3.208560000000000856e-01
3.288720000000000532e-01
3.045263999999999194e-01
1.721807999999999672e-01
2.872848000000000068e-01
1.746480000000000532e-01
1.512239999999999696e-01
1.937904000000000293e-01
1.580399999999999583e-01
1.822991999999999668e-01
1.583183999999999980e-01
1.588751999999999942e-01
1.515887999999999958e-01
1.583472000000000213e-01
1.467887999999999693e-01
1.340880000000000960e-01
6.462240000000002427e-02
1.351344000000000434e-01
6.445920000000000816e-02
6.127199999999998620e-02
8.307359999999999745e-02
5.414879999999999000e-02
6.028320000000000900e-02
6.142559999999998993e-02
5.726879999999995308e-02
5.554080000000001516e-02
5.765280000000004568e-02
5.160480000000002010e-02
3.485280000000004486e-02
4.973279999999997980e-02
3.638880000000002668e-02
3.780959999999999877e-02
4.370400000000002061e-02
3.708000000000001573e-02
3.871200000000001029e-02
3.470879999999999799e-02
3.450720000000001564e-02
3.290400000000000269e-02
3.356640000000003093e-02
3.362399999999998723e-02
3.497760000000001146e-02
4.855199999999994243e-02
6.882720000000000504e-02
3.524639999999999718e-02
4.061279999999999751e-02
3.672479999999997413e-02
3.386399999999994970e-02
3.394079999999999320e-02
3.488160000000001260e-02
3.759839999999997628e-02
3.703200000000002323e-02
3.686880000000000712e-02
3.861599999999999755e-02
3.753120000000000067e-02
3.914399999999998436e-02
3.963360000000000494e-02
3.755999999999999617e-02
3.845280000000000920e-02
3.711839999999999584e-02
3.774240000000001621e-02
5.055839999999997558e-02
6.468959999999998600e-02
3.321119999999998240e-02
3.979680000000002105e-02
3.703200000000000935e-02
3.659999999999997977e-02
3.688799999999998330e-02
3.629279999999998618e-02
3.523679999999997092e-02
3.560159999999998326e-02
3.573600000000000387e-02
3.594720000000001248e-02
3.571679999999999300e-02
3.583200000000003049e-02
3.760800000000001642e-02
3.755999999999998229e-02
3.658079999999998277e-02
3.434400000000004116e-02
3.454560000000001657e-02
3.451679999999999332e-02
3.499679999999998070e-02
3.615839999999996557e-02
3.672480000000002270e-02
3.719519999999998383e-02
3.822240000000000359e-02
3.682080000000000075e-02
3.696480000000001293e-02
3.808800000000001768e-02
3.826079999999999759e-02
3.708959999999997953e-02
3.625439999999999219e-02
3.530400000000001592e-02
3.634079999999997868e-02
3.571679999999999300e-02
3.491999999999999271e-02
3.408480000000001231e-02
3.298079999999997680e-02
3.377759999999996321e-02
3.394080000000000014e-02
3.651360000000000022e-02
3.545759999999997802e-02
3.583200000000003049e-02
3.574559999999998156e-02
3.692640000000003975e-02
3.643679999999999142e-02
3.459359999999998825e-02
3.413280000000000480e-02
5.051039999999999697e-02
4.631519999999996612e-02
3.823200000000000209e-02
3.375840000000000785e-02
3.615840000000003496e-02
3.235679999999997725e-02
3.080160000000002618e-02
3.012000000000000788e-02
3.132960000000004075e-02
3.102240000000001593e-02
3.196319999999999023e-02
3.228960000000000857e-02
