7.714032000000000666e-01
7.793328000000000477e-01
7.093776000000000526e-01
4.860336000000000101e-01
7.025040000000000173e-01
5.013263999999999498e-01
5.047055999999998654e-01
5.878031999999999702e-01
4.682928000000000646e-01
4.784303999999999224e-01
4.856784000000000101e-01
4.618511999999999618e-01
4.390992000000000228e-01
4.424111999999999489e-01
4.408079999999999221e-01
4.489679999999999782e-01
3.930480000000001195e-01
3.860111999999999433e-01
3.241296000000000177e-01
3.346607999999999805e-01
3.270096000000000669e-01
3.253103999999999996e-01
3.224208000000000629e-01
3.819216000000000832e-01
3.339312000000000391e-01
3.422928000000000637e-01
3.668879999999999919e-01
3.457584000000000213e-01
2.982576000000000116e-01
1.664303999999999784e-01
3.089807999999999444e-01
1.940400000000000180e-01
1.623600000000000043e-01
2.349744000000000277e-01
1.559856000000000020e-01
1.652399999999999980e-01
1.788143999999999845e-01
1.779312000000000393e-01
1.529712000000000016e-01
1.525488000000000399e-01
1.537392000000000203e-01
1.013808000000000070e-01
9.934559999999999225e-02
6.115679999999998340e-02
6.129120000000001789e-02
6.456480000000001940e-02
6.876000000000000167e-02
5.716319999999998347e-02
6.541920000000001068e-02
7.113120000000000553e-02
6.295199999999998020e-02
6.676320000000000865e-02
5.326559999999999628e-02
3.750240000000000518e-02
5.606880000000000197e-02
3.595679999999999710e-02
3.387360000000000371e-02
4.363679999999998949e-02
3.346080000000001969e-02
3.599520000000001191e-02
3.640800000000000980e-02
3.611040000000000083e-02
3.596640000000000947e-02
3.646560000000000079e-02
3.709919999999999191e-02
5.042399999999998272e-02
6.772319999999999729e-02
3.814559999999999479e-02
4.260000000000001286e-02
3.833760000000002721e-02
3.640800000000002368e-02
3.486240000000000172e-02
3.672479999999998107e-02
3.714719999999999134e-02
3.615839999999999332e-02
3.675359999999999044e-02
3.438240000000002822e-02
3.439199999999997814e-02
3.526560000000000111e-02
4.561440000000002021e-02
5.196960000000000468e-02
3.278879999999999295e-02
3.935519999999999990e-02
3.700319999999995835e-02
3.661919999999999065e-02
3.574560000000000931e-02
3.501599999999999852e-02
3.369119999999998366e-02
3.373920000000001779e-02
3.409439999999998305e-02
3.482399999999996609e-02
3.470879999999999105e-02
3.514079999999999288e-02
3.371039999999999454e-02
3.402719999999997968e-02
3.599519999999998415e-02
3.490080000000002347e-02
3.600480000000000347e-02
3.858719999999996736e-02
3.866400000000000392e-02
3.959519999999998319e-02
3.788639999999997982e-02
3.548640000000000821e-02
3.237599999999998812e-02
3.406559999999999450e-02
3.531360000000001442e-02
3.458400000000001751e-02
3.373920000000001085e-02
3.216480000000002115e-02
3.258720000000001060e-02
3.359519999999997786e-02
3.734880000000000838e-02
3.611039999999998695e-02
3.588959999999998679e-02
4.955039999999997363e-02
4.484639999999998072e-02
3.388320000000000221e-02
3.140639999999998710e-02
3.540959999999997165e-02
3.373920000000001085e-02
3.468960000000001487e-02
3.539999999999998703e-02
3.418079999999999730e-02
3.226079999999999920e-02
3.195360000000001255e-02
3.148320000000000979e-02
3.098399999999998378e-02
3.349919999999998593e-02
