4.203000000000156611e-02
5.523600000000150612e-02
2.892000000000161108e-02
5.318800000000167838e-02
4.495200000000154628e-02
4.677400000000164759e-02
4.590800000000172520e-02
4.184400000000165765e-02
4.044600000000164730e-02
3.877600000000147595e-02
3.509400000000151287e-02
2.587800000000162193e-02
2.512800000000148248e-02
2.265200000000144875e-02
1.913400000000153867e-02
2.140400000000142189e-02
1.519600000000143059e-02
1.330800000000154082e-02
1.098000000000154408e-02
5.246000000001305175e-03
6.874000000001379007e-03
1.560800000000139853e-02
1.446000000000136065e-02
3.337200000000128952e-02
1.177200000000144797e-02
1.763600000000131729e-02
1.011200000000134214e-02
1.255400000000150840e-02
1.352000000000141977e-02
1.440800000000130865e-02
1.327000000000133628e-02
7.160000000001387477e-03
6.372000000001376563e-03
1.434000000000135167e-02
1.095400000000146257e-02
1.624000000000147548e-02
8.832000000001394291e-03
1.319200000000142481e-02
8.722000000001561837e-03
3.700000000001479883e-03
1.226200000000143842e-02
1.211800000000140543e-02
8.948000000001510301e-03
1.021200000000133112e-02
8.778000000001395797e-03
1.938000000000139611e-02
1.241600000000142590e-02
4.164000000001388813e-03
9.424000000001542254e-03
6.766000000001493042e-03
5.936000000001495636e-03
1.073800000000146859e-02
6.506000000001455064e-03
