3.067840000000011114e-01
3.250320000000009868e-01
3.074080000000009583e-01
3.404280000000008966e-01
3.315800000000009295e-01
3.345640000000009162e-01
3.810280000000008105e-01
3.685840000000007444e-01
4.031120000000007475e-01
3.718800000000009875e-01
3.723040000000009675e-01
3.802280000000008986e-01
3.633320000000009320e-01
3.686480000000009194e-01
3.711400000000008581e-01
3.622240000000009341e-01
3.384720000000008833e-01
3.772520000000009754e-01
3.304240000000009947e-01
3.530120000000009362e-01
3.707720000000008787e-01
3.512920000000009368e-01
3.332400000000010354e-01
3.342000000000009408e-01
3.237320000000010189e-01
3.458760000000009605e-01
3.350040000000010787e-01
3.301800000000010282e-01
3.439560000000009832e-01
3.324240000000009965e-01
3.284040000000010839e-01
3.315640000000009691e-01
3.462960000000009364e-01
3.449360000000009641e-01
3.376320000000009314e-01
3.602480000000010119e-01
3.417840000000010869e-01
3.563640000000011243e-01
3.822960000000009129e-01
3.349560000000010862e-01
3.436640000000010797e-01
3.546200000000010455e-01
3.438560000000010497e-01
3.323120000000010510e-01
3.166360000000011388e-01
3.348840000000010142e-01
3.168400000000010652e-01
3.114800000000011448e-01
3.178080000000011451e-01
3.183200000000011021e-01
