3.295200000000009233e-01
3.378720000000011159e-01
3.010160000000012270e-01
3.379920000000009028e-01
3.661280000000009527e-01
3.418080000000009444e-01
3.396000000000010122e-01
3.301240000000010832e-01
3.454760000000009490e-01
3.508560000000010559e-01
3.252160000000009488e-01
3.090960000000009256e-01
3.081320000000011272e-01
3.327720000000009004e-01
3.214800000000009317e-01
3.237520000000009279e-01
3.304440000000008482e-01
3.148280000000011070e-01
3.129320000000010427e-01
3.351920000000009892e-01
3.762720000000008835e-01
3.469480000000009778e-01
3.236680000000010105e-01
3.596360000000008994e-01
3.975840000000009922e-01
3.810400000000009335e-01
3.427400000000011548e-01
3.577800000000009861e-01
3.384640000000009308e-01
3.220200000000010276e-01
3.071720000000010553e-01
3.329040000000010324e-01
3.255520000000009517e-01
3.214800000000011537e-01
3.231200000000010730e-01
3.473080000000009493e-01
3.515760000000010543e-01
3.354640000000009836e-01
3.599120000000008979e-01
3.787040000000009288e-01
3.582280000000008235e-01
3.444640000000009361e-01
3.385040000000010263e-01
3.382880000000009213e-01
3.578600000000007886e-01
3.442520000000010016e-01
3.409640000000010440e-01
3.431640000000010238e-01
3.741880000000008533e-01
3.820680000000007959e-01
3.390160000000009832e-01
3.451480000000008430e-01
3.255760000000011978e-01
3.286800000000010269e-01
3.218760000000009946e-01
3.146360000000010815e-01
