8.557899999999994956e-01
9.309799999999995856e-01
9.784679999999990052e-01
9.669379999999990760e-01
8.511179999999991530e-01
7.361409999999990461e-01
8.801199999999990142e-01
7.462099999999990407e-01
9.907099999999993134e-01
9.166529999999994960e-01
9.431860000000000799e-01
8.065830000000007161e-01
6.097510000000010422e-01
3.747290000000009780e-01
2.590540000000009502e-01
2.108330000000010196e-01
3.059330000000006211e-01
4.657350000000002321e-01
6.801329999999997655e-01
8.483289999999995556e-01
