8.617569999999996622e-01
9.792819999999995417e-01
9.405219999999994140e-01
9.124179999999991741e-01
8.008799999999991481e-01
9.090749999999995223e-01
9.181629999999993963e-01
8.296889999999992327e-01
1.072631999999999586e+00
1.013038999999999579e+00
9.852120000000004207e-01
8.393800000000006811e-01
6.101980000000011284e-01
3.796880000000012467e-01
2.213670000000011462e-01
1.927530000000015342e-01
3.032090000000007834e-01
4.786720000000004305e-01
6.621760000000000979e-01
8.575729999999995856e-01
