8.703839999999996024e-01
9.612979999999993197e-01
9.646799999999992048e-01
8.774299999999993771e-01
7.672239999999992399e-01
6.534609999999991814e-01
5.963919999999991450e-01
6.375109999999989396e-01
7.537529999999991182e-01
8.827439999999993070e-01
9.216189999999997440e-01
8.097250000000005832e-01
5.637960000000007410e-01
2.678140000000014398e-01
6.660700000000160936e-02
2.873700000000112276e-02
1.876300000000009072e-01
4.227860000000004392e-01
6.910459999999999381e-01
8.800119999999994613e-01
