8.509479999999997046e-01
9.401369999999994453e-01
9.835429999999995010e-01
9.025379999999991742e-01
9.709219999999995077e-01
9.242029999999989975e-01
9.080349999999989263e-01
9.456329999999991687e-01
1.027819999999999290e+00
1.173774999999999791e+00
8.956919999999999327e-01
8.657580000000006937e-01
6.145870000000008826e-01
3.925070000000010495e-01
2.312840000000011831e-01
2.128160000000011154e-01
2.755040000000007483e-01
4.631210000000002824e-01
6.645279999999997855e-01
8.293479999999997521e-01
