9.897919999999998941e-01
9.897919999999998941e-01
9.978839999999999932e-01
9.978839999999999932e-01
9.848140000000000782e-01
9.848140000000000782e-01
9.502540000000000431e-01
9.502540000000000431e-01
9.131579999999999142e-01
9.131579999999999142e-01
8.660599999999999410e-01
8.660599999999999410e-01
7.528319999999998346e-01
7.528319999999998346e-01
6.954739999999999256e-01
6.954739999999999256e-01
7.498819999999997155e-01
7.498819999999997155e-01
1.042147999999999630e+00
1.042147999999999630e+00
1.427107999999998489e+00
1.427107999999998489e+00
1.384401999999998800e+00
1.384401999999998800e+00
1.290355999999998726e+00
1.290355999999998726e+00
1.262465999999998312e+00
1.262465999999998312e+00
1.152181999999997597e+00
1.152181999999997597e+00
9.856599999999968720e-01
9.856599999999968720e-01
6.973659999999959336e-01
6.973659999999959336e-01
4.701359999999952244e-01
4.701359999999952244e-01
3.366259999999956509e-01
3.366259999999956509e-01
3.679499999999961690e-01
3.679499999999961690e-01
4.708119999999969552e-01
4.708119999999969552e-01
6.600119999999977116e-01
6.600119999999977116e-01
8.429619999999986568e-01
8.429619999999986568e-01
9.545059999999995215e-01
9.545059999999995215e-01
1.022127999999999703e+00
1.022127999999999703e+00
