9.888099999999997447e-01
9.888099999999997447e-01
1.029655999999999905e+00
1.029655999999999905e+00
1.022135999999999711e+00
1.022135999999999711e+00
9.732219999999999205e-01
9.732219999999999205e-01
9.306379999999998542e-01
9.306379999999998542e-01
8.623659999999998549e-01
8.623659999999998549e-01
8.154219999999998691e-01
8.154219999999998691e-01
6.906939999999999191e-01
6.906939999999999191e-01
7.237179999999995283e-01
7.237179999999995283e-01
8.687999999999997947e-01
8.687999999999997947e-01
1.186811999999999090e+00
1.186811999999999090e+00
1.283061999999999037e+00
1.283061999999999037e+00
1.308907999999999072e+00
1.308907999999999072e+00
1.266513999999997919e+00
1.266513999999997919e+00
1.195909999999997586e+00
1.195909999999997586e+00
9.830399999999972493e-01
9.830399999999972493e-01
7.100499999999962952e-01
7.100499999999962952e-01
4.547339999999958637e-01
4.547339999999958637e-01
3.484799999999955711e-01
3.484799999999955711e-01
3.647539999999961369e-01
3.647539999999961369e-01
5.123799999999969490e-01
5.123799999999969490e-01
6.660339999999977945e-01
6.660339999999977945e-01
8.195339999999992076e-01
8.195339999999992076e-01
9.288299999999994894e-01
9.288299999999994894e-01
9.938879999999998827e-01
9.938879999999998827e-01
