1.008427999999999658e+00
1.008427999999999658e+00
1.073483999999999883e+00
1.073483999999999883e+00
1.062283999999999784e+00
1.062283999999999784e+00
9.700639999999999263e-01
9.700639999999999263e-01
9.131879999999999997e-01
9.131879999999999997e-01
8.967559999999998865e-01
8.967559999999998865e-01
9.382359999999997369e-01
9.382359999999997369e-01
9.410279999999998646e-01
9.410279999999998646e-01
9.228159999999996366e-01
9.228159999999996366e-01
8.666439999999994148e-01
8.666439999999994148e-01
9.147439999999994464e-01
9.147439999999994464e-01
1.056703999999999422e+00
1.056703999999999422e+00
1.289139999999998842e+00
1.289139999999998842e+00
1.418387999999997984e+00
1.418387999999997984e+00
1.296067999999996889e+00
1.296067999999996889e+00
9.887439999999967366e-01
9.887439999999967366e-01
7.122679999999962375e-01
7.122679999999962375e-01
4.522719999999956220e-01
4.522719999999956220e-01
3.348439999999954231e-01
3.348439999999954231e-01
3.661079999999962697e-01
3.661079999999962697e-01
4.952639999999969844e-01
4.952639999999969844e-01
6.717759999999978193e-01
6.717759999999978193e-01
8.261959999999989313e-01
8.261959999999989313e-01
9.383839999999997739e-01
9.383839999999997739e-01
9.839799999999999658e-01
9.839799999999999658e-01
