9.702399999999999913e-01
9.948940000000002781e-01
9.828320000000000389e-01
9.399960000000001648e-01
8.712460000000002980e-01
7.702400000000002578e-01
6.791680000000003270e-01
6.105920000000002457e-01
5.993579999999998353e-01
6.479199999999998294e-01
7.752199999999994651e-01
9.372459999999994684e-01
1.087139999999998885e+00
1.185761999999998650e+00
1.105695999999997792e+00
8.741559999999968245e-01
5.279259999999956765e-01
2.087539999999952212e-01
3.558399999999461993e-02
7.602199999999514901e-02
2.849039999999962158e-01
5.358699999999976260e-01
7.565679999999990191e-01
8.969339999999997870e-01
9.638300000000000756e-01
