9.751880000000002768e-01
9.751880000000002768e-01
9.976079999999999393e-01
9.976079999999999393e-01
9.673000000000001597e-01
9.673000000000001597e-01
9.519199999999999884e-01
9.519199999999999884e-01
9.566239999999993637e-01
9.566239999999993637e-01
8.609240000000002446e-01
8.609240000000002446e-01
7.831679999999998643e-01
7.831679999999998643e-01
8.239479999999997917e-01
8.239479999999997917e-01
7.613799999999999457e-01
7.613799999999999457e-01
7.151679999999999149e-01
7.151679999999999149e-01
8.089359999999995443e-01
8.089359999999995443e-01
1.051647999999999250e+00
1.051647999999999250e+00
1.350919999999998122e+00
1.350919999999998122e+00
1.428227999999998055e+00
1.428227999999998055e+00
1.291531999999997016e+00
1.291531999999997016e+00
1.010415999999996872e+00
1.010415999999996872e+00
7.165359999999959539e-01
7.165359999999959539e-01
4.641759999999954811e-01
4.641759999999954811e-01
3.393999999999956496e-01
3.393999999999956496e-01
3.502519999999961775e-01
3.502519999999961775e-01
5.053999999999969628e-01
5.053999999999969628e-01
6.946399999999979258e-01
6.946399999999979258e-01
8.353559999999990993e-01
8.353559999999990993e-01
9.347080000000000943e-01
9.347080000000000943e-01
1.022691999999999712e+00
1.022691999999999712e+00
