9.798400000000001553e-01
9.798400000000001553e-01
9.957980000000002940e-01
9.957980000000002940e-01
1.008728000000000513e+00
1.008728000000000513e+00
9.979340000000002098e-01
9.979340000000002098e-01
9.124099999999997213e-01
9.124099999999997213e-01
8.050620000000004994e-01
8.050620000000004994e-01
7.053119999999999390e-01
7.053119999999999390e-01
6.572160000000004665e-01
6.572160000000004665e-01
7.973479999999998347e-01
7.973479999999998347e-01
1.128549999999999054e+00
1.128549999999999054e+00
1.358831999999998486e+00
1.358831999999998486e+00
1.351263999999999132e+00
1.351263999999999132e+00
1.267339999999998801e+00
1.267339999999998801e+00
1.289443999999997814e+00
1.289443999999997814e+00
1.156445999999997643e+00
1.156445999999997643e+00
9.767259999999972075e-01
9.767259999999972075e-01
7.170479999999961329e-01
7.170479999999961329e-01
4.711919999999958364e-01
4.711919999999958364e-01
3.517559999999956277e-01
3.517559999999956277e-01
3.701559999999960993e-01
3.701559999999960993e-01
5.028179999999964345e-01
5.028179999999964345e-01
6.804439999999984945e-01
6.804439999999984945e-01
8.269999999999994023e-01
8.269999999999994023e-01
9.255699999999996708e-01
9.255699999999996708e-01
9.745120000000001559e-01
9.745120000000001559e-01
