8.089583999999997443e-01
7.977584000000000897e-01
7.563887999999997502e-01
5.882416000000000311e-01
7.370416000000002965e-01
5.788143999999998401e-01
5.709999999999998410e-01
6.253231999999998569e-01
5.601648000000001293e-01
5.528944000000000081e-01
5.667696000000000955e-01
5.686192000000001023e-01
5.625775999999999000e-01
5.118895999999999447e-01
3.410415999999999448e-01
5.015536000000000438e-01
3.442864000000000479e-01
3.320047999999999888e-01
3.837616000000000915e-01
3.270063999999999194e-01
3.271151999999999949e-01
3.217199999999998949e-01
3.309871999999999814e-01
3.280752000000000113e-01
3.291247999999998841e-01
3.256495999999999280e-01
2.911087999999998899e-01
1.978863999999999901e-01
2.827951999999999688e-01
1.963888000000000855e-01
1.931824000000000041e-01
2.168304000000000342e-01
1.882607999999999782e-01
1.848239999999999883e-01
1.885295999999999916e-01
1.865712000000000481e-01
1.821040000000000159e-01
1.832176000000000082e-01
1.692592000000000541e-01
1.370672000000000279e-01
1.797040000000000026e-01
1.317552000000000167e-01
1.336624000000000145e-01
1.476207999999999965e-01
1.265775999999999568e-01
1.334767999999999788e-01
1.248815999999999815e-01
1.178159999999999485e-01
1.274479999999999780e-01
1.202672000000000185e-01
1.217328000000000021e-01
1.007855999999999891e-01
5.471199999999996205e-02
9.873119999999999119e-02
5.405279999999995644e-02
5.094880000000001630e-02
6.893279999999996077e-02
4.989279999999999410e-02
4.416480000000001099e-02
4.778719999999999496e-02
4.644319999999998311e-02
4.921439999999997067e-02
4.500959999999998296e-02
4.483680000000000998e-02
2.742239999999998915e-02
4.214879999999999322e-02
2.833759999999999751e-02
2.909280000000000893e-02
3.300959999999998618e-02
2.721119999999999789e-02
2.776159999999998351e-02
2.877280000000001156e-02
2.774879999999998320e-02
2.735199999999999437e-02
2.698719999999998551e-02
3.540959999999998553e-02
4.605279999999998403e-02
2.779359999999998082e-02
3.115999999999998632e-02
2.918239999999999029e-02
2.854239999999999555e-02
2.849119999999998390e-02
2.826719999999997152e-02
2.641119999999999579e-02
2.776159999999999739e-02
2.830560000000001408e-02
2.827999999999999264e-02
2.869599999999997153e-02
2.762079999999995233e-02
2.885599999999999971e-02
2.801119999999999305e-02
2.731360000000000038e-02
2.595680000000000209e-02
2.593759999999999469e-02
3.617119999999997976e-02
5.007199999999999152e-02
2.872799999999997578e-02
3.231200000000000738e-02
3.178079999999997018e-02
2.973920000000000036e-02
2.860639999999998670e-02
2.869600000000000276e-02
2.860639999999999017e-02
2.895199999999998469e-02
2.874720000000000053e-02
2.874079999999998303e-02
2.954720000000002345e-02
3.054559999999999220e-02
2.932319999999997984e-02
3.624159999999999882e-02
4.607840000000001934e-02
2.833119999999998695e-02
3.111520000000001299e-02
3.010399999999999535e-02
2.867680000000000229e-02
2.797279999999999905e-02
2.758239999999997222e-02
2.763360000000002203e-02
2.863840000000000136e-02
2.977120000000000460e-02
2.938720000000000221e-02
2.884320000000000633e-02
3.000159999999999980e-02
3.764959999999997753e-02
3.338079999999998826e-02
2.881119999999998127e-02
2.721760000000000498e-02
3.050719999999999127e-02
2.802400000000000030e-02
2.778720000000000148e-02
2.842079999999999607e-02
2.891999999999999432e-02
2.822239999999998084e-02
2.776159999999998351e-02
