9.710000000000006404e-01
9.710000000000006404e-01
8.981360000000004895e-01
6.717680000000003648e-01
8.894960000000006195e-01
6.724400000000003708e-01
6.695920000000004091e-01
7.385840000000004624e-01
6.510000000000003562e-01
6.510320000000002771e-01
6.510640000000003091e-01
6.510000000000003562e-01
5.903280000000001859e-01
4.119728000000001944e-01
5.876912000000004133e-01
4.116400000000003390e-01
4.099504000000002146e-01
4.637616000000003291e-01
3.950000000000001843e-01
3.951536000000001603e-01
3.950256000000003098e-01
3.950000000000001843e-01
3.498224000000001443e-01
2.166128000000000775e-01
3.459440000000001403e-01
2.160752000000000506e-01
2.139824000000000725e-01
2.543024000000000950e-01
2.030000000000000693e-01
2.030192000000000385e-01
2.030768000000000295e-01
2.030000000000000693e-01
1.741871999999999865e-01
8.389600000000001223e-02
1.698608000000000340e-01
8.333279999999997079e-02
8.191199999999997095e-02
1.103663999999999895e-01
7.500000000000001110e-02
7.503840000000006061e-02
7.501280000000004611e-02
7.500000000000001110e-02
6.034399999999996711e-02
1.542239999999998890e-02
5.893600000000001615e-02
1.508319999999998412e-02
1.460960000000000730e-02
2.836960000000000870e-02
1.099999999999999589e-02
1.103839999999998295e-02
1.100639999999999258e-02
1.099999999999999589e-02
1.100639999999999605e-02
1.100000000000000283e-02
1.099999999999999589e-02
1.100639999999999952e-02
1.100639999999998564e-02
1.099999999999998548e-02
1.099999999999999589e-02
1.099999999999999589e-02
1.099999999999999589e-02
1.099999999999999589e-02
1.099999999999999589e-02
1.099999999999999589e-02
1.100000000000000283e-02
1.100639999999998911e-02
1.100640000000000299e-02
1.100639999999999605e-02
1.103839999999998295e-02
1.111520000000000216e-02
1.099999999999998895e-02
1.102559999999999651e-02
1.101920000000000677e-02
1.100639999999998217e-02
1.100000000000000283e-02
1.099999999999999936e-02
1.100000000000001324e-02
1.100000000000000630e-02
1.099999999999998548e-02
1.100639999999999952e-02
1.099999999999998895e-02
1.099999999999999589e-02
1.099999999999999589e-02
1.099999999999999589e-02
1.099999999999998548e-02
1.099999999999999589e-02
1.099999999999998548e-02
1.099999999999998895e-02
1.100640000000000993e-02
1.100000000000000283e-02
1.100640000000000993e-02
1.105119999999999887e-02
1.112799999999999727e-02
1.100639999999998911e-02
1.100000000000000630e-02
1.103839999999999162e-02
1.100000000000000110e-02
1.101919999999999809e-02
1.100639999999998217e-02
1.101279999999998753e-02
1.101279999999999620e-02
1.100640000000000125e-02
1.100639999999998217e-02
1.100639999999998390e-02
1.146720000000000725e-02
1.225439999999999689e-02
1.101279999999999447e-02
1.116639999999998085e-02
1.111519999999999002e-02
1.100639999999999778e-02
1.101920000000001371e-02
1.100640000000000125e-02
1.101279999999998753e-02
1.101280000000000835e-02
1.101919999999999809e-02
1.100640000000000125e-02
1.101920000000000156e-02
1.101280000000000314e-02
1.100639999999998911e-02
1.144159999999999101e-02
1.224800000000000368e-02
1.100640000000000993e-02
1.118560000000001949e-02
1.105119999999998673e-02
1.101279999999997712e-02
1.105120000000001275e-02
1.101920000000001544e-02
1.101279999999998406e-02
1.100639999999998564e-02
1.099999999999999763e-02
1.102559999999997743e-02
1.100639999999999952e-02
1.103199999999999667e-02
1.099999999999999763e-02
1.101280000000000141e-02
1.099999999999999416e-02
1.100640000000000125e-02
1.100640000000000125e-02
1.100000000000002018e-02
