7.753200000000000092e-01
7.662896000000000152e-01
7.213040000000000562e-01
5.668848000000000775e-01
7.098160000000001135e-01
5.632816000000000489e-01
5.743920000000001247e-01
6.289327999999999586e-01
5.549552000000000929e-01
5.536176000000001540e-01
5.590384000000000464e-01
5.628911999999999249e-01
5.676080000000000014e-01
5.045296000000001335e-01
3.410095999999999683e-01
4.795440000000001368e-01
3.449456000000000189e-01
3.313327999999999274e-01
3.638960000000000528e-01
3.079344000000000525e-01
3.177520000000000344e-01
3.208624000000000476e-01
3.209968000000000266e-01
3.235824000000001033e-01
3.207983999999999836e-01
2.959471999999999658e-01
1.960879999999999845e-01
2.768815999999999500e-01
1.852336000000000260e-01
1.851887999999999868e-01
2.190192000000000250e-01
1.837488000000000177e-01
1.874479999999999480e-01
1.841903999999999209e-01
1.838255999999999502e-01
1.693552000000000113e-01
1.267887999999999793e-01
1.766319999999999835e-01
1.263088000000000544e-01
1.297583999999999405e-01
1.388912000000000480e-01
1.207471999999999990e-01
1.213616000000000139e-01
1.172015999999999752e-01
1.248624000000000261e-01
1.247343999999999536e-01
1.241200000000000081e-01
1.226479999999999793e-01
1.039087999999999540e-01
5.169120000000002046e-02
9.874400000000005395e-02
5.076960000000000500e-02
5.341280000000000333e-02
6.931040000000000811e-02
4.849120000000003289e-02
4.619360000000006378e-02
5.021919999999996387e-02
4.833760000000000140e-02
4.735840000000000882e-02
4.429280000000002798e-02
4.179039999999999144e-02
2.986080000000003454e-02
4.289119999999999044e-02
3.059039999999993778e-02
3.149280000000004992e-02
3.648480000000000473e-02
2.856799999999998230e-02
2.807519999999999114e-02
2.836319999999994956e-02
2.801760000000010076e-02
2.760799999999995896e-02
2.806240000000001164e-02
3.623520000000007152e-02
4.802399999999998337e-02
2.804320000000002852e-02
3.226720000000000976e-02
2.955360000000003748e-02
2.838239999999998819e-02
2.858080000000000342e-02
2.794080000000000868e-02
2.775519999999998683e-02
2.762079999999995233e-02
2.868320000000001285e-02
2.969439999999997845e-02
2.843359999999996862e-02
2.783839999999998191e-02
2.717280000000006634e-02
2.741600000000003062e-02
2.833759999999999057e-02
3.794399999999997775e-02
4.876639999999999447e-02
2.796639999999998849e-02
3.008479999999998794e-02
2.809440000000001242e-02
2.870240000000005842e-02
3.005280000000010859e-02
2.987999999999998990e-02
2.871520000000000322e-02
2.806240000000005327e-02
2.790240000000000081e-02
2.753759999999997460e-02
2.708319999999994621e-02
2.774880000000004565e-02
2.868320000000001979e-02
2.853599999999995029e-02
2.801759999999996892e-02
2.886879999999995144e-02
3.486560000000001741e-02
4.623199999999998838e-02
2.786399999999996865e-02
3.190239999999997661e-02
3.088479999999996922e-02
2.822879999999991507e-02
2.837600000000001926e-02
2.852959999999995361e-02
3.003360000000005609e-02
2.928480000000000666e-02
2.826719999999997152e-02
2.789599999999995555e-02
2.848479999999999762e-02
2.913120000000001680e-02
2.899679999999997537e-02
2.829280000000000336e-02
2.865759999999988733e-02
2.910560000000000230e-02
3.008480000000006427e-02
2.772959999999995151e-02
2.772960000000002090e-02
2.807520000000005012e-02
3.087840000000004886e-02
3.093599999999990108e-02
2.976479999999997322e-02
2.918239999999994172e-02
3.076319999999996627e-02
3.787359999999998644e-02
3.275359999999992444e-02
2.747359999999997304e-02
2.621279999999995280e-02
2.840799999999993677e-02
2.712800000000002362e-02
2.751839999999993944e-02
2.643039999999997197e-02
2.725600000000003714e-02
2.706399999999999778e-02
2.771040000000004472e-02
2.800479999999996514e-02
2.893920000000001214e-02
